#        omega_cdm,          omega_b,                h,           w0_fld,           wa_fld,          f_z0.00,          f_z0.15,          f_z0.30,          f_z0.45,          f_z0.60,          f_z0.75,          f_z0.90,          f_z1.05,          f_z1.20,          f_z1.35,          f_z1.50,          f_z1.65,          f_z1.80,          f_z1.95,          f_z2.10,          f_z2.25,          f_z2.40,          f_z2.55,          f_z2.70,          f_z2.85
 1.333935e-05	-1.428229e-06	-5.042281e-06	 5.610093e-06	 1.832903e-04	 2.790789e-05	 2.599175e-05	 2.184075e-05	 1.685418e-05	 1.191574e-05	 7.481357e-06	 3.724805e-06	 6.608355e-07	-1.772234e-06	-3.664299e-06	-5.108760e-06	-6.191012e-06	-6.984266e-06	-7.549113e-06	-7.934779e-06	-8.180441e-06	-8.317432e-06	-8.370343e-06	-8.358647e-06	-8.297553e-06	
-1.428229e-06	 3.800696e-06	 1.408933e-05	 5.140422e-05	-2.838113e-06	-8.942929e-06	-1.307650e-05	-1.596109e-05	-1.768298e-05	-1.847210e-05	-1.858183e-05	-1.823246e-05	-1.759442e-05	-1.679057e-05	-1.590543e-05	-1.499474e-05	-1.409399e-05	-1.322468e-05	-1.239904e-05	-1.162303e-05	-1.089888e-05	-1.022614e-05	-9.603080e-06	-9.026914e-06	-8.494734e-06	
-5.042281e-06	 1.408933e-05	 1.054763e-04	-6.663444e-05	-1.802398e-04	-7.346226e-05	-6.606284e-05	-5.568696e-05	-4.465914e-05	-3.435073e-05	-2.538972e-05	-1.793984e-05	-1.192124e-05	-7.151017e-06	-3.420963e-06	-5.340604e-07	 1.680445e-06	 3.364082e-06	 4.631174e-06	 5.572733e-06	 6.259897e-06	 6.749262e-06	 7.084135e-06	 7.299519e-06	 7.421613e-06	
 5.610093e-06	 5.140422e-05	-6.663444e-05	 4.550799e-03	 1.102468e-04	 7.262651e-05	-3.036726e-04	-6.075166e-04	-8.291966e-04	-9.760229e-04	-1.062142e-03	-1.102541e-03	-1.110304e-03	-1.095798e-03	-1.066783e-03	-1.028850e-03	-9.859198e-04	-9.406795e-04	-8.949350e-04	-8.498612e-04	-8.062039e-04	-7.644063e-04	-7.247079e-04	-6.872124e-04	-6.519341e-04	
 1.832903e-04	-2.838113e-06	-1.802398e-04	 1.102468e-04	 5.905979e-03	 4.960313e-04	 4.420973e-04	 3.319885e-04	 2.031370e-04	 7.848533e-05	-3.067140e-05	-1.205097e-04	-1.912814e-04	-2.450975e-04	-2.846726e-04	-3.126953e-04	-3.315606e-04	-3.432826e-04	-3.494979e-04	-3.515184e-04	-3.503707e-04	-3.468630e-04	-3.416204e-04	-3.351277e-04	-3.277569e-04	
 2.790789e-05	-8.942929e-06	-7.346226e-05	 7.262651e-05	 4.960313e-04	 1.005324e-04	 9.034284e-05	 7.412652e-05	 5.623646e-05	 3.928287e-05	 2.450205e-05	 1.226312e-05	 2.472476e-06	-5.166068e-06	-1.100609e-05	-1.538838e-05	-1.861161e-05	-2.092455e-05	-2.252876e-05	-2.358483e-05	-2.421857e-05	-2.452936e-05	-2.459380e-05	-2.447229e-05	-2.421103e-05	
 2.599175e-05	-1.307650e-05	-6.606284e-05	-3.036726e-04	 4.420973e-04	 9.034284e-05	 1.116133e-04	 1.213228e-04	 1.227315e-04	 1.188730e-04	 1.120613e-04	 1.038709e-04	 9.528845e-05	 8.688893e-05	 7.897960e-05	 7.170153e-05	 6.509804e-05	 5.915764e-05	 5.384053e-05	 4.909326e-05	 4.485960e-05	 4.108311e-05	 3.771185e-05	 3.469782e-05	 3.199897e-05	
 2.184075e-05	-1.596109e-05	-5.568696e-05	-6.075166e-04	 3.319885e-04	 7.412652e-05	 1.213228e-04	 1.532422e-04	 1.717974e-04	 1.800686e-04	 1.810879e-04	 1.773445e-04	 1.706923e-04	 1.624294e-04	 1.534262e-04	 1.442433e-04	 1.352280e-04	 1.265843e-04	 1.184228e-04	 1.107925e-04	 1.037059e-04	 9.715141e-05	 9.110487e-05	 8.553452e-05	 8.040648e-05	
 1.685418e-05	-1.768298e-05	-4.465914e-05	-8.291966e-04	 2.031370e-04	 5.623646e-05	 1.227315e-04	 1.717974e-04	 2.040213e-04	 2.223004e-04	 2.300767e-04	 2.304626e-04	 2.259392e-04	 2.183461e-04	 2.089857e-04	 1.987468e-04	 1.882190e-04	 1.777810e-04	 1.676676e-04	 1.580145e-04	 1.488939e-04	 1.403343e-04	 1.323379e-04	 1.248895e-04	 1.179646e-04	
 1.191574e-05	-1.847210e-05	-3.435073e-05	-9.760229e-04	 7.848533e-05	 3.928287e-05	 1.188730e-04	 1.800686e-04	 2.223004e-04	 2.481655e-04	 2.612836e-04	 2.651423e-04	 2.626328e-04	 2.559640e-04	 2.467409e-04	 2.360877e-04	 2.247711e-04	 2.133000e-04	 2.020033e-04	 1.910839e-04	 1.806615e-04	 1.707973e-04	 1.615160e-04	 1.528170e-04	 1.446856e-04	
 7.481357e-06	-1.858183e-05	-2.538972e-05	-1.062142e-03	-3.067140e-05	 2.450205e-05	 1.120613e-04	 1.810879e-04	 2.300767e-04	 2.612836e-04	 2.783450e-04	 2.849328e-04	 2.841731e-04	 2.785007e-04	 2.697133e-04	 2.590896e-04	 2.475153e-04	 2.355888e-04	 2.237056e-04	 2.121170e-04	 2.009777e-04	 1.903744e-04	 1.803490e-04	 1.709139e-04	 1.620624e-04	
 3.724805e-06	-1.823246e-05	-1.793984e-05	-1.102541e-03	-1.205097e-04	 1.226312e-05	 1.038709e-04	 1.773445e-04	 2.304626e-04	 2.651423e-04	 2.849328e-04	 2.935536e-04	 2.942344e-04	 2.895258e-04	 2.813320e-04	 2.710215e-04	 2.595525e-04	 2.475796e-04	 2.355414e-04	 2.237220e-04	 2.123003e-04	 2.013811e-04	 1.910200e-04	 1.812389e-04	 1.720384e-04	
 6.608355e-07	-1.759442e-05	-1.192124e-05	-1.110304e-03	-1.912814e-04	 2.472476e-06	 9.528845e-05	 1.706923e-04	 2.259392e-04	 2.626328e-04	 2.841731e-04	 2.942344e-04	 2.960572e-04	 2.922275e-04	 2.846922e-04	 2.748616e-04	 2.637303e-04	 2.519838e-04	 2.400856e-04	 2.283397e-04	 2.169408e-04	 2.060061e-04	 1.956006e-04	 1.857539e-04	 1.764723e-04	
-1.772234e-06	-1.679057e-05	-7.151017e-06	-1.095798e-03	-2.450975e-04	-5.166068e-06	 8.688893e-05	 1.624294e-04	 2.183461e-04	 2.559640e-04	 2.785007e-04	 2.895258e-04	 2.922275e-04	 2.891714e-04	 2.823024e-04	 2.730375e-04	 2.623819e-04	 2.510330e-04	 2.394657e-04	 2.279942e-04	 2.168223e-04	 2.060750e-04	 1.958238e-04	 1.861038e-04	 1.769259e-04	
-3.664299e-06	-1.590543e-05	-3.420963e-06	-1.066783e-03	-2.846726e-04	-1.100609e-05	 7.897960e-05	 1.534262e-04	 2.089857e-04	 2.467409e-04	 2.697133e-04	 2.813320e-04	 2.846922e-04	 2.823024e-04	 2.760744e-04	 2.674079e-04	 2.573006e-04	 2.464483e-04	 2.353273e-04	 2.242553e-04	 2.134399e-04	 2.030105e-04	 1.930427e-04	 1.835755e-04	 1.746233e-04	
-5.108760e-06	-1.499474e-05	-5.340604e-07	-1.028850e-03	-3.126953e-04	-1.538838e-05	 7.170153e-05	 1.442433e-04	 1.987468e-04	 2.360877e-04	 2.590896e-04	 2.710215e-04	 2.748616e-04	 2.730375e-04	 2.674079e-04	 2.593392e-04	 2.498094e-04	 2.395032e-04	 2.288915e-04	 2.182904e-04	 2.079079e-04	 1.978749e-04	 1.882694e-04	 1.791330e-04	 1.704827e-04	
-6.191012e-06	-1.409399e-05	 1.680445e-06	-9.859198e-04	-3.315606e-04	-1.861161e-05	 6.509804e-05	 1.352280e-04	 1.882190e-04	 2.247711e-04	 2.475153e-04	 2.595525e-04	 2.637303e-04	 2.623819e-04	 2.573006e-04	 2.498094e-04	 2.408583e-04	 2.311149e-04	 2.210401e-04	 2.109446e-04	 2.010344e-04	 1.914401e-04	 1.822406e-04	 1.734791e-04	 1.651746e-04	
-6.984266e-06	-1.322468e-05	 3.364082e-06	-9.406795e-04	-3.432826e-04	-2.092455e-05	 5.915764e-05	 1.265843e-04	 1.777810e-04	 2.133000e-04	 2.355888e-04	 2.475796e-04	 2.519838e-04	 2.510330e-04	 2.464483e-04	 2.395032e-04	 2.311149e-04	 2.219298e-04	 2.123959e-04	 2.028164e-04	 1.933930e-04	 1.842549e-04	 1.754809e-04	 1.671151e-04	 1.591778e-04	
-7.549113e-06	-1.239904e-05	 4.631174e-06	-8.949350e-04	-3.494979e-04	-2.252876e-05	 5.384053e-05	 1.184228e-04	 1.676676e-04	 2.020033e-04	 2.237056e-04	 2.355414e-04	 2.400856e-04	 2.394657e-04	 2.353273e-04	 2.288915e-04	 2.210401e-04	 2.123959e-04	 2.033920e-04	 1.943226e-04	 1.853842e-04	 1.767035e-04	 1.683584e-04	 1.603933e-04	 1.528295e-04	
-7.934779e-06	-1.162303e-05	 5.572733e-06	-8.498612e-04	-3.515184e-04	-2.358483e-05	 4.909326e-05	 1.107925e-04	 1.580145e-04	 1.910839e-04	 2.121170e-04	 2.237220e-04	 2.283397e-04	 2.279942e-04	 2.242553e-04	 2.182904e-04	 2.109446e-04	 2.028164e-04	 1.943226e-04	 1.857475e-04	 1.772819e-04	 1.690491e-04	 1.611257e-04	 1.535560e-04	 1.463618e-04	
-8.180441e-06	-1.089888e-05	 6.259897e-06	-8.062039e-04	-3.503707e-04	-2.421857e-05	 4.485960e-05	 1.037059e-04	 1.488939e-04	 1.806615e-04	 2.009777e-04	 2.123003e-04	 2.169408e-04	 2.168223e-04	 2.134399e-04	 2.079079e-04	 2.010344e-04	 1.933930e-04	 1.853842e-04	 1.772819e-04	 1.692703e-04	 1.614693e-04	 1.539539e-04	 1.467677e-04	 1.399328e-04	
-8.317432e-06	-1.022614e-05	 6.749262e-06	-7.644063e-04	-3.468630e-04	-2.452936e-05	 4.108311e-05	 9.715141e-05	 1.403343e-04	 1.707973e-04	 1.903744e-04	 2.013811e-04	 2.060061e-04	 2.060750e-04	 2.030105e-04	 1.978749e-04	 1.914401e-04	 1.842549e-04	 1.767035e-04	 1.690491e-04	 1.614693e-04	 1.540803e-04	 1.469550e-04	 1.401365e-04	 1.336469e-04	
-8.370343e-06	-9.603080e-06	 7.084135e-06	-7.247079e-04	-3.416204e-04	-2.459380e-05	 3.771185e-05	 9.110487e-05	 1.323379e-04	 1.615160e-04	 1.803490e-04	 1.910200e-04	 1.956006e-04	 1.958238e-04	 1.930427e-04	 1.882694e-04	 1.822406e-04	 1.754809e-04	 1.683584e-04	 1.611257e-04	 1.539539e-04	 1.469550e-04	 1.402001e-04	 1.337311e-04	 1.275703e-04	
-8.358647e-06	-9.026914e-06	 7.299519e-06	-6.872124e-04	-3.351277e-04	-2.447229e-05	 3.469782e-05	 8.553452e-05	 1.248895e-04	 1.528170e-04	 1.709139e-04	 1.812389e-04	 1.857539e-04	 1.861038e-04	 1.835755e-04	 1.791330e-04	 1.734791e-04	 1.671151e-04	 1.603933e-04	 1.535560e-04	 1.467677e-04	 1.401365e-04	 1.337311e-04	 1.275927e-04	 1.217433e-04	
-8.297553e-06	-8.494734e-06	 7.421613e-06	-6.519341e-04	-3.277569e-04	-2.421103e-05	 3.199897e-05	 8.040648e-05	 1.179646e-04	 1.446856e-04	 1.620624e-04	 1.720384e-04	 1.764723e-04	 1.769259e-04	 1.746233e-04	 1.704827e-04	 1.651746e-04	 1.591778e-04	 1.528295e-04	 1.463618e-04	 1.399328e-04	 1.336469e-04	 1.275703e-04	 1.217433e-04	 1.161876e-04	
