#        omega_cdm,          omega_b,                h,           w0_fld,           wa_fld,          f_z0.00,          f_z0.15,          f_z0.30,          f_z0.45,          f_z0.60,          f_z0.75,          f_z0.90,          f_z1.05,          f_z1.20,          f_z1.35,          f_z1.50,          f_z1.65,          f_z1.80,          f_z1.95,          f_z2.10,          f_z2.25,          f_z2.40,          f_z2.55,          f_z2.70,          f_z2.85
 6.042406e-06	 3.096531e-06	 1.692626e-05	 5.922834e-06	 6.011255e-05	 3.682390e-06	 2.771808e-06	 1.420125e-06	 3.558713e-08	-1.147067e-06	-2.040345e-06	-2.647344e-06	-3.012939e-06	-3.193123e-06	-3.239615e-06	-3.194794e-06	-3.090726e-06	-2.950696e-06	-2.791126e-06	-2.623067e-06	-2.453963e-06	-2.288582e-06	-2.129812e-06	-1.979380e-06	-1.838039e-06	
 3.096531e-06	 3.166371e-06	 1.568833e-05	 1.529685e-05	 5.387245e-05	-1.303173e-06	-2.895139e-06	-4.473319e-06	-5.735468e-06	-6.571984e-06	-7.002628e-06	-7.107048e-06	-6.977643e-06	-6.696134e-06	-6.325821e-06	-5.912017e-06	-5.485139e-06	-5.064617e-06	-4.662079e-06	-4.283863e-06	-3.932886e-06	-3.609888e-06	-3.314273e-06	-3.044705e-06	-2.799381e-06	
 1.692626e-05	 1.568833e-05	 9.225279e-05	 1.338753e-05	 3.348924e-04	-1.497594e-05	-1.814584e-05	-2.238121e-05	-2.618777e-05	-2.884161e-05	-3.019880e-05	-3.042802e-05	-2.980828e-05	-2.861605e-05	-2.707926e-05	-2.536758e-05	-2.359874e-05	-2.185011e-05	-2.016912e-05	-1.858295e-05	-1.710455e-05	-1.573846e-05	-1.448329e-05	-1.333439e-05	-1.228515e-05	
 5.922834e-06	 1.529685e-05	 1.338753e-05	 5.853114e-04	-1.572549e-04	 2.156845e-05	-2.533460e-05	-6.157530e-05	-8.578065e-05	-9.925735e-05	-1.044774e-04	-1.039995e-04	-9.995397e-05	-9.391236e-05	-8.694209e-05	-7.972652e-05	-7.267320e-05	-6.600882e-05	-5.984484e-05	-5.421917e-05	-4.913095e-05	-4.455231e-05	-4.044573e-05	-3.676965e-05	-3.347998e-05	
 6.011255e-05	 5.387245e-05	 3.348924e-04	-1.572549e-04	 1.984003e-03	-6.134958e-05	-6.112817e-05	-7.296546e-05	-8.820820e-05	-1.015780e-04	-1.108159e-04	-1.156038e-04	-1.165657e-04	-1.146279e-04	-1.106914e-04	-1.054987e-04	-9.961213e-05	-9.343376e-05	-8.723488e-05	-8.119411e-05	-7.541743e-05	-6.996790e-05	-6.487270e-05	-6.013946e-05	-5.576141e-05	
 3.682390e-06	-1.303173e-06	-1.497594e-05	 2.156845e-05	-6.134958e-05	 1.780490e-05	 1.629668e-05	 1.467789e-05	 1.305293e-05	 1.150624e-05	 1.009077e-05	 8.830435e-06	 7.728183e-06	 6.774353e-06	 5.954079e-06	 5.250144e-06	 4.646166e-06	 4.127279e-06	 3.680103e-06	 3.293841e-06	 2.958778e-06	 2.667214e-06	 2.412600e-06	 2.189280e-06	 1.992813e-06	
 2.771808e-06	-2.895139e-06	-1.814584e-05	-2.533460e-05	-6.112817e-05	 1.629668e-05	 1.862709e-05	 2.005779e-05	 2.052296e-05	 2.017794e-05	 1.926194e-05	 1.800533e-05	 1.658898e-05	 1.513768e-05	 1.372975e-05	 1.240881e-05	 1.119559e-05	 1.009652e-05	 9.109225e-06	 8.227284e-06	 7.441697e-06	 6.742975e-06	 6.121744e-06	 5.569059e-06	 5.076874e-06	
 1.420125e-06	-4.473319e-06	-2.238121e-05	-6.157530e-05	-7.296546e-05	 1.467789e-05	 2.005779e-05	 2.402485e-05	 2.630974e-05	 2.707796e-05	 2.669292e-05	 2.554119e-05	 2.394606e-05	 2.214403e-05	 2.029327e-05	 1.849110e-05	 1.679216e-05	 1.522322e-05	 1.379322e-05	 1.250103e-05	 1.133954e-05	 1.029876e-05	 9.367667e-06	 8.535128e-06	 7.790483e-06	
 3.558713e-08	-5.735468e-06	-2.618777e-05	-8.578065e-05	-8.820820e-05	 1.305293e-05	 2.052296e-05	 2.630974e-05	 2.995875e-05	 3.161021e-05	 3.169512e-05	 3.070042e-05	 2.904671e-05	 2.704973e-05	 2.492593e-05	 2.281291e-05	 2.079152e-05	 1.890484e-05	 1.717139e-05	 1.559503e-05	 1.417095e-05	 1.288952e-05	 1.173913e-05	 1.070749e-05	 9.782414e-06	
-1.147067e-06	-6.571984e-06	-2.884161e-05	-9.925735e-05	-1.015780e-04	 1.150624e-05	 2.017794e-05	 2.707796e-05	 3.161021e-05	 3.387452e-05	 3.432579e-05	 3.350226e-05	 3.187927e-05	 2.981955e-05	 2.757550e-05	 2.531039e-05	 2.312244e-05	 2.106600e-05	 1.916657e-05	 1.743207e-05	 1.585985e-05	 1.444117e-05	 1.316456e-05	 1.201746e-05	 1.098704e-05	
-2.040345e-06	-7.002628e-06	-3.019880e-05	-1.044774e-04	-1.108159e-04	 1.009077e-05	 1.926194e-05	 2.669292e-05	 3.169512e-05	 3.432579e-05	 3.503419e-05	 3.437261e-05	 3.283717e-05	 3.081103e-05	 2.856357e-05	 2.627109e-05	 2.404118e-05	 2.193475e-05	 1.998174e-05	 1.819293e-05	 1.656752e-05	 1.509787e-05	 1.377310e-05	 1.258098e-05	 1.150873e-05	
-2.647344e-06	-7.107048e-06	-3.042802e-05	-1.039995e-04	-1.156038e-04	 8.830435e-06	 1.800533e-05	 2.554119e-05	 3.070042e-05	 3.350226e-05	 3.437261e-05	 3.385256e-05	 3.243500e-05	 3.050409e-05	 2.833208e-05	 2.609865e-05	 2.391459e-05	 2.184356e-05	 1.991781e-05	 1.814989e-05	 1.654044e-05	 1.508296e-05	 1.376740e-05	 1.258221e-05	 1.151512e-05	
-3.012939e-06	-6.977643e-06	-2.980828e-05	-9.995397e-05	-1.165657e-04	 7.728183e-06	 1.658898e-05	 2.394606e-05	 2.904671e-05	 3.187927e-05	 3.283717e-05	 3.243500e-05	 3.114692e-05	 2.934537e-05	 2.729591e-05	 2.517494e-05	 2.309210e-05	 2.111105e-05	 1.926472e-05	 1.756661e-05	 1.601842e-05	 1.461465e-05	 1.334621e-05	 1.220243e-05	 1.117178e-05	
-3.193123e-06	-6.696134e-06	-2.861605e-05	-9.391236e-05	-1.146279e-04	 6.774353e-06	 1.513768e-05	 2.214403e-05	 2.704973e-05	 2.981955e-05	 3.081103e-05	 3.050409e-05	 2.934537e-05	 2.768792e-05	 2.578476e-05	 2.380485e-05	 2.185383e-05	 1.999358e-05	 1.825657e-05	 1.665662e-05	 1.519613e-05	 1.387053e-05	 1.267166e-05	 1.158979e-05	 1.061429e-05	
-3.239615e-06	-6.325821e-06	-2.707926e-05	-8.694209e-05	-1.106914e-04	 5.954079e-06	 1.372975e-05	 2.029327e-05	 2.492593e-05	 2.757550e-05	 2.856357e-05	 2.833208e-05	 2.729591e-05	 2.578476e-05	 2.403595e-05	 2.220864e-05	 2.040283e-05	 1.867748e-05	 1.706392e-05	 1.557581e-05	 1.421603e-05	 1.298077e-05	 1.186279e-05	 1.085326e-05	 9.942467e-06	
-3.194794e-06	-5.912017e-06	-2.536758e-05	-7.972652e-05	-1.054987e-04	 5.250144e-06	 1.240881e-05	 1.849110e-05	 2.281291e-05	 2.531039e-05	 2.627109e-05	 2.609865e-05	 2.517494e-05	 2.380485e-05	 2.220864e-05	 2.053458e-05	 1.887617e-05	 1.728891e-05	 1.580251e-05	 1.443022e-05	 1.317518e-05	 1.203423e-05	 1.100095e-05	 1.006740e-05	 9.224743e-06	
-3.090726e-06	-5.485139e-06	-2.359874e-05	-7.267320e-05	-9.961213e-05	 4.646166e-06	 1.119559e-05	 1.679216e-05	 2.079152e-05	 2.312244e-05	 2.404118e-05	 2.391459e-05	 2.309210e-05	 2.185383e-05	 2.040283e-05	 1.887617e-05	 1.736064e-05	 1.590795e-05	 1.454601e-05	 1.328748e-05	 1.213561e-05	 1.108779e-05	 1.013833e-05	 9.280109e-06	 8.505122e-06	
-2.950696e-06	-5.064617e-06	-2.185011e-05	-6.600882e-05	-9.343376e-05	 4.127279e-06	 1.009652e-05	 1.522322e-05	 1.890484e-05	 2.106600e-05	 2.193475e-05	 2.184356e-05	 2.111105e-05	 1.999358e-05	 1.867748e-05	 1.728891e-05	 1.590795e-05	 1.458252e-05	 1.333865e-05	 1.218832e-05	 1.113478e-05	 1.017589e-05	 9.306591e-06	 8.520498e-06	 7.810384e-06	
-2.791126e-06	-4.662079e-06	-2.016912e-05	-5.984484e-05	-8.723488e-05	 3.680103e-06	 9.109225e-06	 1.379322e-05	 1.717139e-05	 1.916657e-05	 1.998174e-05	 1.991781e-05	 1.926472e-05	 1.825657e-05	 1.706392e-05	 1.580251e-05	 1.454601e-05	 1.333865e-05	 1.220461e-05	 1.115510e-05	 1.019335e-05	 9.317563e-06	 8.523280e-06	 7.804755e-06	 7.155468e-06	
-2.623067e-06	-4.283863e-06	-1.858295e-05	-5.421917e-05	-8.119411e-05	 3.293841e-06	 8.227284e-06	 1.250103e-05	 1.559503e-05	 1.743207e-05	 1.819293e-05	 1.814989e-05	 1.756661e-05	 1.665662e-05	 1.557581e-05	 1.443022e-05	 1.328748e-05	 1.218832e-05	 1.115510e-05	 1.019831e-05	 9.321071e-06	 8.521897e-06	 7.796824e-06	 7.140693e-06	 6.547616e-06	
-2.453963e-06	-3.932886e-06	-1.710455e-05	-4.913095e-05	-7.541743e-05	 2.958778e-06	 7.441697e-06	 1.133954e-05	 1.417095e-05	 1.585985e-05	 1.656752e-05	 1.654044e-05	 1.601842e-05	 1.519613e-05	 1.421603e-05	 1.317518e-05	 1.213561e-05	 1.113478e-05	 1.019335e-05	 9.321071e-06	 8.520947e-06	 7.791745e-06	 7.129935e-06	 6.530877e-06	 5.989246e-06	
-2.288582e-06	-3.609888e-06	-1.573846e-05	-4.455231e-05	-6.996790e-05	 2.667214e-06	 6.742975e-06	 1.029876e-05	 1.288952e-05	 1.444117e-05	 1.509787e-05	 1.508296e-05	 1.461465e-05	 1.387053e-05	 1.298077e-05	 1.203423e-05	 1.108779e-05	 1.017589e-05	 9.317563e-06	 8.521897e-06	 7.791745e-06	 7.126083e-06	 6.521756e-06	 5.974586e-06	 5.479754e-06	
-2.129812e-06	-3.314273e-06	-1.448329e-05	-4.044573e-05	-6.487270e-05	 2.412600e-06	 6.121744e-06	 9.367667e-06	 1.173913e-05	 1.316456e-05	 1.377310e-05	 1.376740e-05	 1.334621e-05	 1.267166e-05	 1.186279e-05	 1.100095e-05	 1.013833e-05	 9.306591e-06	 8.523280e-06	 7.796824e-06	 7.129935e-06	 6.521756e-06	 5.969465e-06	 5.469291e-06	 5.016862e-06	
-1.979380e-06	-3.044705e-06	-1.333439e-05	-3.676965e-05	-6.013946e-05	 2.189280e-06	 5.569059e-06	 8.535128e-06	 1.070749e-05	 1.201746e-05	 1.258098e-05	 1.258221e-05	 1.220243e-05	 1.158979e-05	 1.085326e-05	 1.006740e-05	 9.280109e-06	 8.520498e-06	 7.804755e-06	 7.140693e-06	 6.530877e-06	 5.974586e-06	 5.469291e-06	 5.011577e-06	 4.597476e-06	
-1.838039e-06	-2.799381e-06	-1.228515e-05	-3.347998e-05	-5.576141e-05	 1.992813e-06	 5.076874e-06	 7.790483e-06	 9.782414e-06	 1.098704e-05	 1.150873e-05	 1.151512e-05	 1.117178e-05	 1.061429e-05	 9.942467e-06	 9.224743e-06	 8.505122e-06	 7.810384e-06	 7.155468e-06	 6.547616e-06	 5.989246e-06	 5.479754e-06	 5.016862e-06	 4.597476e-06	 4.217983e-06	
