#        omega_cdm,          omega_b,                h,           w0_fld,           wa_fld,          f_z0.00,          f_z0.15,          f_z0.30,          f_z0.45,          f_z0.60,          f_z0.75,          f_z0.90,          f_z1.05,          f_z1.20,          f_z1.35,          f_z1.50,          f_z1.65,          f_z1.80,          f_z1.95,          f_z2.10,          f_z2.25,          f_z2.40,          f_z2.55,          f_z2.70,          f_z2.85
 2.428640e-05	-1.628730e-06	 6.080315e-05	 1.926273e-05	 5.192729e-05	 1.292941e-05	 1.193674e-05	 1.000614e-05	 7.620091e-06	 5.168243e-06	 2.914212e-06	 9.839449e-07	-5.804288e-07	-1.791963e-06	-2.695232e-06	-3.341729e-06	-3.778359e-06	-4.050049e-06	-4.198699e-06	-4.256076e-06	-4.244320e-06	-4.180479e-06	-4.079949e-06	-3.954234e-06	-3.811568e-06	
-1.628730e-06	 4.260451e-06	 7.043672e-06	-8.677818e-06	-1.923011e-05	 1.803851e-06	 2.744056e-06	 3.681384e-06	 4.487186e-06	 5.097761e-06	 5.489412e-06	 5.687259e-06	 5.724804e-06	 5.640000e-06	 5.470771e-06	 5.247103e-06	 4.990431e-06	 4.717067e-06	 4.440514e-06	 4.169904e-06	 3.908418e-06	 3.658740e-06	 3.422966e-06	 3.202258e-06	 2.996510e-06	
 6.080315e-05	 7.043672e-06	 2.778999e-04	 1.446563e-04	 1.592191e-04	-2.883673e-05	-4.372118e-05	-5.748951e-05	-6.870547e-05	-7.673454e-05	-8.164883e-05	-8.383207e-05	-8.385073e-05	-8.226589e-05	-7.958031e-05	-7.619267e-05	-7.239650e-05	-6.841836e-05	-6.441253e-05	-6.048730e-05	-5.670417e-05	-5.310334e-05	-4.970389e-05	-4.651642e-05	-4.353837e-05	
 1.926273e-05	-8.677818e-06	 1.446563e-04	 3.560099e-04	 1.665236e-04	-8.309635e-05	-1.187547e-04	-1.492517e-04	-1.721255e-04	-1.867647e-04	-1.939869e-04	-1.951443e-04	-1.917842e-04	-1.852971e-04	-1.768462e-04	-1.673061e-04	-1.572924e-04	-1.472537e-04	-1.374676e-04	-1.281186e-04	-1.192926e-04	-1.110410e-04	-1.033698e-04	-9.627427e-05	-8.972620e-05	
 5.192729e-05	-1.923011e-05	 1.592191e-04	 1.665236e-04	 7.125971e-04	-3.562139e-05	-5.661263e-05	-8.030499e-05	-1.027506e-04	-1.214506e-04	-1.352309e-04	-1.441138e-04	-1.486485e-04	-1.496317e-04	-1.479394e-04	-1.443343e-04	-1.394085e-04	-1.336510e-04	-1.274497e-04	-1.210847e-04	-1.147180e-04	-1.084704e-04	-1.024313e-04	-9.666006e-05	-9.117941e-05	
 1.292941e-05	 1.803851e-06	-2.883673e-05	-8.309635e-05	-3.562139e-05	 5.762088e-05	 6.866052e-05	 7.652868e-05	 8.102540e-05	 8.248321e-05	 8.155250e-05	 7.889730e-05	 7.513083e-05	 7.073597e-05	 6.607323e-05	 6.138821e-05	 5.683744e-05	 5.251924e-05	 4.847865e-05	 4.474037e-05	 4.130289e-05	 3.816042e-05	 3.529417e-05	 3.268630e-05	 3.031412e-05	
 1.193674e-05	 2.744056e-06	-4.372118e-05	-1.187547e-04	-5.661263e-05	 6.866052e-05	 8.349770e-05	 9.454223e-05	 1.013543e-04	 1.042234e-04	 1.039036e-04	 1.012149e-04	 9.694223e-05	 9.172022e-05	 8.603463e-05	 8.022415e-05	 7.451010e-05	 6.903727e-05	 6.387895e-05	 5.907840e-05	 5.464206e-05	 5.056872e-05	 4.683935e-05	 4.343489e-05	 4.032892e-05	
 1.000614e-05	 3.681384e-06	-5.748951e-05	-1.492517e-04	-8.030499e-05	 7.652868e-05	 9.454223e-05	 1.083568e-04	 1.172877e-04	 1.215485e-04	 1.219498e-04	 1.194251e-04	 1.148948e-04	 1.091180e-04	 1.026868e-04	 9.602100e-05	 8.939958e-05	 8.300982e-05	 7.695224e-05	 7.128841e-05	 6.603359e-05	 6.119205e-05	 5.674617e-05	 5.267703e-05	 4.895605e-05	
 7.620091e-06	 4.487186e-06	-6.870547e-05	-1.721255e-04	-1.027506e-04	 8.102540e-05	 1.013543e-04	 1.172877e-04	 1.279233e-04	 1.333850e-04	 1.344975e-04	 1.322627e-04	 1.276919e-04	 1.216327e-04	 1.147564e-04	 1.075446e-04	 1.003213e-04	 9.330776e-05	 8.662760e-05	 8.035820e-05	 7.452308e-05	 6.913204e-05	 6.416984e-05	 5.961875e-05	 5.544938e-05	
 5.168243e-06	 5.097761e-06	-7.673454e-05	-1.867647e-04	-1.214506e-04	 8.248321e-05	 1.042234e-04	 1.215485e-04	 1.333850e-04	 1.397670e-04	 1.415009e-04	 1.396156e-04	 1.351697e-04	 1.290630e-04	 1.220162e-04	 1.145513e-04	 1.070225e-04	 9.967527e-05	 9.265026e-05	 8.603697e-05	 7.986589e-05	 7.415166e-05	 6.888188e-05	 6.404062e-05	 5.959882e-05	
 2.914212e-06	 5.489412e-06	-8.164883e-05	-1.939869e-04	-1.352309e-04	 8.155250e-05	 1.039036e-04	 1.219498e-04	 1.344975e-04	 1.415009e-04	 1.437269e-04	 1.421983e-04	 1.379852e-04	 1.320070e-04	 1.250075e-04	 1.175292e-04	 1.099428e-04	 1.025081e-04	 9.537665e-05	 8.864609e-05	 8.235221e-05	 7.651352e-05	 7.112050e-05	 6.615923e-05	 6.160179e-05	
 9.839449e-07	 5.687259e-06	-8.383207e-05	-1.951443e-04	-1.441138e-04	 7.889730e-05	 1.012149e-04	 1.194251e-04	 1.322627e-04	 1.396156e-04	 1.421983e-04	 1.410037e-04	 1.370854e-04	 1.313572e-04	 1.245640e-04	 1.172526e-04	 1.097987e-04	 1.024675e-04	 9.541638e-05	 8.874742e-05	 8.250001e-05	 7.669548e-05	 7.132699e-05	 6.638264e-05	 6.183612e-05	
-5.804288e-07	 5.724804e-06	-8.385073e-05	-1.917842e-04	-1.486485e-04	 7.513083e-05	 9.694223e-05	 1.148948e-04	 1.276919e-04	 1.351697e-04	 1.379852e-04	 1.370854e-04	 1.334882e-04	 1.280831e-04	 1.216002e-04	 1.145780e-04	 1.073883e-04	 1.002954e-04	 9.345764e-05	 8.697876e-05	 8.090023e-05	 7.524524e-05	 7.000924e-05	 6.518227e-05	 6.073988e-05	
-1.791963e-06	 5.640000e-06	-8.226589e-05	-1.852971e-04	-1.496317e-04	 7.073597e-05	 9.172022e-05	 1.091180e-04	 1.216327e-04	 1.290630e-04	 1.320070e-04	 1.313572e-04	 1.280831e-04	 1.230378e-04	 1.169253e-04	 1.102674e-04	 1.034254e-04	 9.665752e-05	 9.012031e-05	 8.391649e-05	 7.808848e-05	 7.266050e-05	 6.762993e-05	 6.298852e-05	 5.871379e-05	
-2.695232e-06	 5.470771e-06	-7.958031e-05	-1.768462e-04	-1.479394e-04	 6.607323e-05	 8.603463e-05	 1.026868e-04	 1.147564e-04	 1.220162e-04	 1.250075e-04	 1.245640e-04	 1.216002e-04	 1.169253e-04	 1.112108e-04	 1.049554e-04	 9.850629e-05	 9.211237e-05	 8.592573e-05	 8.004662e-05	 7.451745e-05	 6.936283e-05	 6.458170e-05	 6.016729e-05	 5.609905e-05	
-3.341729e-06	 5.247103e-06	-7.619267e-05	-1.673061e-04	-1.443343e-04	 6.138821e-05	 8.022415e-05	 9.602100e-05	 1.075446e-04	 1.145513e-04	 1.175292e-04	 1.172526e-04	 1.145780e-04	 1.102674e-04	 1.049554e-04	 9.911529e-05	 9.307704e-05	 8.707836e-05	 8.126536e-05	 7.573477e-05	 7.052827e-05	 6.567036e-05	 6.116122e-05	 5.699536e-05	 5.315406e-05	
-3.778359e-06	 4.990431e-06	-7.239650e-05	-1.572924e-04	-1.394085e-04	 5.683744e-05	 7.451010e-05	 8.939958e-05	 1.003213e-04	 1.070225e-04	 1.099428e-04	 1.097987e-04	 1.073883e-04	 1.034254e-04	 9.850629e-05	 9.307704e-05	 8.744939e-05	 8.184863e-05	 7.641403e-05	 7.123803e-05	 6.636114e-05	 6.180742e-05	 5.757797e-05	 5.366839e-05	 5.006165e-05	
-4.050049e-06	 4.717067e-06	-6.841836e-05	-1.472537e-04	-1.336510e-04	 5.251924e-05	 6.903727e-05	 8.300982e-05	 9.330776e-05	 9.967527e-05	 1.025081e-04	 1.024675e-04	 1.002954e-04	 9.665752e-05	 9.211237e-05	 8.707836e-05	 8.184863e-05	 7.663566e-05	 7.157139e-05	 6.674362e-05	 6.219136e-05	 5.793800e-05	 5.398533e-05	 5.032983e-05	 4.695606e-05	
-4.198699e-06	 4.440514e-06	-6.441253e-05	-1.374676e-04	-1.274497e-04	 4.847865e-05	 6.387895e-05	 7.695224e-05	 8.662760e-05	 9.265026e-05	 9.537665e-05	 9.541638e-05	 9.345764e-05	 9.012031e-05	 8.592573e-05	 8.126536e-05	 7.641403e-05	 7.157139e-05	 6.686192e-05	 6.236865e-05	 5.812893e-05	 5.416527e-05	 5.048000e-05	 4.707035e-05	 4.392227e-05	
-4.256076e-06	 4.169904e-06	-6.048730e-05	-1.281186e-04	-1.210847e-04	 4.474037e-05	 5.907840e-05	 7.128841e-05	 8.035820e-05	 8.603697e-05	 8.864609e-05	 8.874742e-05	 8.697876e-05	 8.391649e-05	 8.004662e-05	 7.573477e-05	 7.123803e-05	 6.674362e-05	 6.236865e-05	 5.819143e-05	 5.424749e-05	 5.055843e-05	 4.712697e-05	 4.395091e-05	 4.101750e-05	
-4.244320e-06	 3.908418e-06	-5.670417e-05	-1.192926e-04	-1.147180e-04	 4.130289e-05	 5.464206e-05	 6.603359e-05	 7.452308e-05	 7.986589e-05	 8.235221e-05	 8.250001e-05	 8.090023e-05	 7.808848e-05	 7.451745e-05	 7.052827e-05	 6.636114e-05	 6.219136e-05	 5.812893e-05	 5.424749e-05	 5.058081e-05	 4.714947e-05	 4.395645e-05	 4.100006e-05	 3.826870e-05	
-4.180479e-06	 3.658740e-06	-5.310334e-05	-1.110410e-04	-1.084704e-04	 3.816042e-05	 5.056872e-05	 6.119205e-05	 6.913204e-05	 7.415166e-05	 7.651352e-05	 7.669548e-05	 7.524524e-05	 7.266050e-05	 6.936283e-05	 6.567036e-05	 6.180742e-05	 5.793800e-05	 5.416527e-05	 5.055843e-05	 4.714947e-05	 4.395795e-05	 4.098703e-05	 3.823542e-05	 3.569255e-05	
-4.079949e-06	 3.422966e-06	-4.970389e-05	-1.033698e-04	-1.024313e-04	 3.529417e-05	 4.683935e-05	 5.674617e-05	 6.416984e-05	 6.888188e-05	 7.112050e-05	 7.132699e-05	 7.000924e-05	 6.762993e-05	 6.458170e-05	 6.116122e-05	 5.757797e-05	 5.398533e-05	 5.048000e-05	 4.712697e-05	 4.395645e-05	 4.098703e-05	 3.822196e-05	 3.566028e-05	 3.329233e-05	
-3.954234e-06	 3.202258e-06	-4.651642e-05	-9.627427e-05	-9.666006e-05	 3.268630e-05	 4.343489e-05	 5.267703e-05	 5.961875e-05	 6.404062e-05	 6.615923e-05	 6.638264e-05	 6.518227e-05	 6.298852e-05	 6.016729e-05	 5.699536e-05	 5.366839e-05	 5.032983e-05	 4.707035e-05	 4.395091e-05	 4.100006e-05	 3.823542e-05	 3.566028e-05	 3.327394e-05	 3.106757e-05	
-3.811568e-06	 2.996510e-06	-4.353837e-05	-8.972620e-05	-9.117941e-05	 3.031412e-05	 4.032892e-05	 4.895605e-05	 5.544938e-05	 5.959882e-05	 6.160179e-05	 6.183612e-05	 6.073988e-05	 5.871379e-05	 5.609905e-05	 5.315406e-05	 5.006165e-05	 4.695606e-05	 4.392227e-05	 4.101750e-05	 3.826870e-05	 3.569255e-05	 3.329233e-05	 3.106757e-05	 2.901016e-05	
