#        omega_cdm,          omega_b,                h,           w0_fld,           wa_fld,          f_z0.00,          f_z0.15,          f_z0.30,          f_z0.45,          f_z0.60,          f_z0.75,          f_z0.90,          f_z1.05,          f_z1.20,          f_z1.35,          f_z1.50,          f_z1.65,          f_z1.80,          f_z1.95,          f_z2.10,          f_z2.25,          f_z2.40,          f_z2.55,          f_z2.70,          f_z2.85
 2.081269e-05	 2.473810e-07	-3.815769e-06	 1.784128e-04	-4.242146e-06	 4.448435e-05	 2.978803e-05	 1.607479e-05	 4.447033e-06	-4.736696e-06	-1.158287e-05	-1.642435e-05	-1.965731e-05	-2.165053e-05	-2.272471e-05	-2.313626e-05	-2.307450e-05	-2.268978e-05	-2.208967e-05	-2.135180e-05	-2.053289e-05	-1.967194e-05	-1.879751e-05	-1.792896e-05	-1.707829e-05	
 2.473810e-07	 3.702470e-06	-2.657001e-06	 2.302923e-05	 1.120208e-05	 1.000499e-05	 8.071101e-06	 5.987751e-06	 3.987563e-06	 2.208006e-06	 7.095505e-07	-4.996468e-07	-1.442139e-06	-2.152749e-06	-2.671181e-06	-3.036720e-06	-3.280431e-06	-3.429479e-06	-3.507015e-06	-3.530741e-06	-3.514304e-06	-3.467856e-06	-3.400075e-06	-3.317343e-06	-3.224337e-06	
-3.815769e-06	-2.657001e-06	 6.866560e-05	-1.666614e-04	-1.946552e-04	-6.848124e-05	-5.324815e-05	-3.682038e-05	-2.130870e-05	-7.837005e-06	 3.192340e-06	 1.182440e-05	 1.832821e-05	 2.304019e-05	 2.630767e-05	 2.845213e-05	 2.972723e-05	 3.034949e-05	 3.048301e-05	 3.025281e-05	 2.976545e-05	 2.909642e-05	 2.830655e-05	 2.743976e-05	 2.652565e-05	
 1.784128e-04	 2.302923e-05	-1.666614e-04	 6.571384e-03	 4.865775e-04	 4.319827e-04	-1.143196e-04	-5.761787e-04	-9.285244e-04	-1.173114e-03	-1.325525e-03	-1.405779e-03	-1.432962e-03	-1.422860e-03	-1.388013e-03	-1.337676e-03	-1.278240e-03	-1.214369e-03	-1.149083e-03	-1.084411e-03	-1.021656e-03	-9.616200e-04	-9.047348e-04	-8.512159e-04	-8.010592e-04	
-4.242146e-06	 1.120208e-05	-1.946552e-04	 4.865775e-04	 7.963646e-04	 1.677069e-04	 1.214805e-04	 7.216512e-05	 2.602980e-05	-1.366662e-05	-4.581010e-05	-7.059948e-05	-8.889019e-05	-1.017283e-04	-1.101878e-04	-1.152611e-04	-1.177315e-04	-1.182646e-04	-1.173633e-04	-1.154104e-04	-1.127368e-04	-1.095752e-04	-1.061067e-04	-1.024631e-04	-9.873359e-05	
 4.448435e-05	 1.000499e-05	-6.848124e-05	 4.319827e-04	 1.677069e-04	 1.649882e-04	 1.281672e-04	 9.034109e-05	 5.561221e-05	 2.602326e-05	 2.141911e-06	-1.634285e-05	-3.015075e-05	-4.009495e-05	-4.697365e-05	-5.149395e-05	-5.420527e-05	-5.557039e-05	-5.594268e-05	-5.558785e-05	-5.471831e-05	-5.348539e-05	-5.201059e-05	-5.038112e-05	-4.865748e-05	
 2.978803e-05	 8.071101e-06	-5.324815e-05	-1.143196e-04	 1.214805e-04	 1.281672e-04	 1.368074e-04	 1.374875e-04	 1.321938e-04	 1.230911e-04	 1.120264e-04	 1.003444e-04	 8.890853e-05	 7.821750e-05	 6.851666e-05	 5.987080e-05	 5.226391e-05	 4.562338e-05	 3.984876e-05	 3.484483e-05	 3.050893e-05	 2.675789e-05	 2.350698e-05	 2.068776e-05	 1.823999e-05	
 1.607479e-05	 5.987751e-06	-3.682038e-05	-5.761787e-04	 7.216512e-05	 9.034109e-05	 1.374875e-04	 1.711337e-04	 1.913439e-04	 2.002722e-04	 2.007646e-04	 1.955147e-04	 1.866982e-04	 1.759125e-04	 1.642852e-04	 1.525398e-04	 1.411187e-04	 1.302881e-04	 1.201695e-04	 1.108191e-04	 1.022337e-04	 9.439307e-05	 8.724849e-05	 8.075119e-05	 7.484429e-05	
 4.447033e-06	 3.987563e-06	-2.130870e-05	-9.285244e-04	 2.602980e-05	 5.561221e-05	 1.321938e-04	 1.913439e-04	 2.315472e-04	 2.548511e-04	 2.647919e-04	 2.650469e-04	 2.587690e-04	 2.483846e-04	 2.356938e-04	 2.219276e-04	 2.078847e-04	 1.940969e-04	 1.808628e-04	 1.683599e-04	 1.566673e-04	 1.458172e-04	 1.357926e-04	 1.265632e-04	 1.180775e-04	
-4.736696e-06	 2.208006e-06	-7.837005e-06	-1.173114e-03	-1.366662e-05	 2.602326e-05	 1.230911e-04	 2.002722e-04	 2.548511e-04	 2.887106e-04	 3.057986e-04	 3.104331e-04	 3.064231e-04	 2.967609e-04	 2.837128e-04	 2.688666e-04	 2.532742e-04	 2.376591e-04	 2.224490e-04	 2.079118e-04	 1.941890e-04	 1.813538e-04	 1.694154e-04	 1.583592e-04	 1.481401e-04	
-1.158287e-05	 7.095505e-07	 3.192340e-06	-1.325525e-03	-4.581010e-05	 2.141911e-06	 1.120264e-04	 2.007646e-04	 2.647919e-04	 3.057986e-04	 3.279230e-04	 3.358401e-04	 3.337451e-04	 3.249738e-04	 3.120820e-04	 2.968843e-04	 2.805960e-04	 2.640668e-04	 2.478118e-04	 2.321608e-04	 2.172998e-04	 2.033318e-04	 1.902862e-04	 1.781615e-04	 1.669193e-04	
-1.642435e-05	-4.996468e-07	 1.182440e-05	-1.405779e-03	-7.059948e-05	-1.634285e-05	 1.003444e-04	 1.955147e-04	 2.650469e-04	 3.104331e-04	 3.358401e-04	 3.460852e-04	 3.455423e-04	 3.377181e-04	 3.253198e-04	 3.102859e-04	 2.939240e-04	 2.771577e-04	 2.605553e-04	 2.444852e-04	 2.291631e-04	 2.147122e-04	 2.011769e-04	 1.885661e-04	 1.768473e-04	
-1.965731e-05	-1.442139e-06	 1.832821e-05	-1.432962e-03	-8.889019e-05	-3.015075e-05	 8.890853e-05	 1.866982e-04	 2.587690e-04	 3.064231e-04	 3.337451e-04	 3.455423e-04	 3.462182e-04	 3.393241e-04	 3.276174e-04	 3.130842e-04	 2.970712e-04	 2.805365e-04	 2.640756e-04	 2.480777e-04	 2.327762e-04	 2.183071e-04	 2.047254e-04	 1.920480e-04	 1.802479e-04	
-2.165053e-05	-2.152749e-06	 2.304019e-05	-1.422860e-03	-1.017283e-04	-4.009495e-05	 7.821750e-05	 1.759125e-04	 2.483846e-04	 2.967609e-04	 3.249738e-04	 3.377181e-04	 3.393241e-04	 3.333006e-04	 3.223836e-04	 3.085532e-04	 2.931571e-04	 2.771592e-04	 2.611633e-04	 2.455664e-04	 2.306107e-04	 2.164392e-04	 2.031139e-04	 1.906573e-04	 1.790478e-04	
-2.272471e-05	-2.671181e-06	 2.630767e-05	-1.388013e-03	-1.101878e-04	-4.697365e-05	 6.851666e-05	 1.642852e-04	 2.356938e-04	 2.837128e-04	 3.120820e-04	 3.253198e-04	 3.276174e-04	 3.223836e-04	 3.122861e-04	 2.992625e-04	 2.846360e-04	 2.693568e-04	 2.540235e-04	 2.390318e-04	 2.246261e-04	 2.109521e-04	 1.980763e-04	 1.860253e-04	 1.747816e-04	
-2.313626e-05	-3.036720e-06	 2.845213e-05	-1.337676e-03	-1.152611e-04	-5.149395e-05	 5.987080e-05	 1.525398e-04	 2.219276e-04	 2.688666e-04	 2.968843e-04	 3.102859e-04	 3.130842e-04	 3.085532e-04	 2.992625e-04	 2.870846e-04	 2.733012e-04	 2.588361e-04	 2.442739e-04	 2.300027e-04	 2.162646e-04	 2.032051e-04	 1.908930e-04	 1.793576e-04	 1.685852e-04	
-2.307450e-05	-3.280431e-06	 2.972723e-05	-1.278240e-03	-1.177315e-04	-5.420527e-05	 5.226391e-05	 1.411187e-04	 2.078847e-04	 2.532742e-04	 2.805960e-04	 2.939240e-04	 2.970712e-04	 2.931571e-04	 2.846360e-04	 2.733012e-04	 2.603827e-04	 2.467701e-04	 2.330282e-04	 2.195333e-04	 2.065220e-04	 1.941376e-04	 1.824497e-04	 1.714892e-04	 1.612456e-04	
-2.268978e-05	-3.429479e-06	 3.034949e-05	-1.214369e-03	-1.182646e-04	-5.557039e-05	 4.562338e-05	 1.302881e-04	 1.940969e-04	 2.376591e-04	 2.640668e-04	 2.771577e-04	 2.805365e-04	 2.771592e-04	 2.693568e-04	 2.588361e-04	 2.467701e-04	 2.340094e-04	 2.210957e-04	 2.083910e-04	 1.961245e-04	 1.844359e-04	 1.733944e-04	 1.630319e-04	 1.533404e-04	
-2.208967e-05	-3.507015e-06	 3.048301e-05	-1.149083e-03	-1.173633e-04	-5.594268e-05	 3.984876e-05	 1.201695e-04	 1.808628e-04	 2.224490e-04	 2.478118e-04	 2.605553e-04	 2.640756e-04	 2.611633e-04	 2.540235e-04	 2.442739e-04	 2.330282e-04	 2.210957e-04	 2.089933e-04	 1.970673e-04	 1.855384e-04	 1.745415e-04	 1.641447e-04	 1.543804e-04	 1.452426e-04	
-2.135180e-05	-3.530741e-06	 3.025281e-05	-1.084411e-03	-1.154104e-04	-5.558785e-05	 3.484483e-05	 1.108191e-04	 1.683599e-04	 2.079118e-04	 2.321608e-04	 2.444852e-04	 2.480777e-04	 2.455664e-04	 2.390318e-04	 2.300027e-04	 2.195333e-04	 2.083910e-04	 1.970673e-04	 1.858922e-04	 1.750770e-04	 1.647514e-04	 1.549821e-04	 1.458012e-04	 1.372047e-04	
-2.053289e-05	-3.514304e-06	 2.976545e-05	-1.021656e-03	-1.127368e-04	-5.471831e-05	 3.050893e-05	 1.022337e-04	 1.566673e-04	 1.941890e-04	 2.172998e-04	 2.291631e-04	 2.327762e-04	 2.306107e-04	 2.246261e-04	 2.162646e-04	 2.065220e-04	 1.961245e-04	 1.855384e-04	 1.750770e-04	 1.649421e-04	 1.552581e-04	 1.460895e-04	 1.374682e-04	 1.293915e-04	
-1.967194e-05	-3.467856e-06	 2.909642e-05	-9.616200e-04	-1.095752e-04	-5.348539e-05	 2.675789e-05	 9.439307e-05	 1.458172e-04	 1.813538e-04	 2.033318e-04	 2.147122e-04	 2.183071e-04	 2.164392e-04	 2.109521e-04	 2.032051e-04	 1.941376e-04	 1.844359e-04	 1.745415e-04	 1.647514e-04	 1.552581e-04	 1.461802e-04	 1.375801e-04	 1.294890e-04	 1.219056e-04	
-1.879751e-05	-3.400075e-06	 2.830655e-05	-9.047348e-04	-1.061067e-04	-5.201059e-05	 2.350698e-05	 8.724849e-05	 1.357926e-04	 1.694154e-04	 1.902862e-04	 2.011769e-04	 2.047254e-04	 2.031139e-04	 1.980763e-04	 1.908930e-04	 1.824497e-04	 1.733944e-04	 1.641447e-04	 1.549821e-04	 1.460895e-04	 1.375801e-04	 1.295139e-04	 1.219216e-04	 1.148025e-04	
-1.792896e-05	-3.317343e-06	 2.743976e-05	-8.512159e-04	-1.024631e-04	-5.038112e-05	 2.068776e-05	 8.075119e-05	 1.265632e-04	 1.583592e-04	 1.781615e-04	 1.885661e-04	 1.920480e-04	 1.906573e-04	 1.860253e-04	 1.793576e-04	 1.714892e-04	 1.630319e-04	 1.543804e-04	 1.458012e-04	 1.374682e-04	 1.294890e-04	 1.219216e-04	 1.147954e-04	 1.081108e-04	
-1.707829e-05	-3.224337e-06	 2.652565e-05	-8.010592e-04	-9.873359e-05	-4.865748e-05	 1.823999e-05	 7.484429e-05	 1.180775e-04	 1.481401e-04	 1.669193e-04	 1.768473e-04	 1.802479e-04	 1.790478e-04	 1.747816e-04	 1.685852e-04	 1.612456e-04	 1.533404e-04	 1.452426e-04	 1.372047e-04	 1.293915e-04	 1.219056e-04	 1.148025e-04	 1.081108e-04	 1.018314e-04	
