#        omega_cdm,          omega_b,                h,           w0_fld,           wa_fld,          f_z0.00,          f_z0.15,          f_z0.30,          f_z0.45,          f_z0.60,          f_z0.75,          f_z0.90,          f_z1.05,          f_z1.20,          f_z1.35,          f_z1.50,          f_z1.65,          f_z1.80,          f_z1.95,          f_z2.10,          f_z2.25,          f_z2.40,          f_z2.55,          f_z2.70,          f_z2.85
 2.368138e-05	 2.388558e-06	 1.704995e-05	 5.983297e-05	 7.018257e-05	 3.133811e-05	 2.529408e-05	 1.876122e-05	 1.271571e-05	 7.625506e-06	 3.604924e-06	 5.728115e-07	-1.631007e-06	-3.175495e-06	-4.215623e-06	-4.881794e-06	-5.272618e-06	-5.467985e-06	-5.522994e-06	-5.478099e-06	-5.366611e-06	-5.211286e-06	-5.027310e-06	-4.825773e-06	-4.615303e-06	
 2.388558e-06	 6.356176e-06	 3.000529e-05	 9.613890e-05	 3.298406e-05	-1.207077e-05	-1.984299e-05	-2.541970e-05	-2.877812e-05	-3.028680e-05	-3.043200e-05	-2.966358e-05	-2.833611e-05	-2.670431e-05	-2.494398e-05	-2.316600e-05	-2.143769e-05	-1.979966e-05	-1.826963e-05	-1.685565e-05	-1.555655e-05	-1.436896e-05	-1.328581e-05	-1.230001e-05	-1.140275e-05	
 1.704995e-05	 3.000529e-05	 3.355297e-04	-2.244831e-04	 3.007164e-04	-2.038692e-04	-1.835196e-04	-1.606260e-04	-1.376315e-04	-1.161704e-04	-9.710108e-05	-8.070252e-05	-6.688610e-05	-5.540645e-05	-4.594516e-05	-3.816091e-05	-3.177167e-05	-2.652253e-05	-2.219841e-05	-1.863125e-05	-1.567159e-05	-1.321115e-05	-1.115551e-05	-9.433791e-06	-7.986326e-06	
 5.983297e-05	 9.613890e-05	-2.244831e-04	 5.031762e-03	-9.215567e-05	 3.908892e-04	-2.424622e-05	-3.571190e-04	-5.968684e-04	-7.522913e-04	-8.402803e-04	-8.785829e-04	-8.824777e-04	-8.636950e-04	-8.309486e-04	-7.903355e-04	-7.458646e-04	-7.003084e-04	-6.553269e-04	-6.119698e-04	-5.708211e-04	-5.321972e-04	-4.961968e-04	-4.628215e-04	-4.319584e-04	
 7.018257e-05	 3.298406e-05	 3.007164e-04	-9.215567e-05	 1.617708e-03	-7.793620e-05	-7.997891e-05	-8.984557e-05	-1.008966e-04	-1.097108e-04	-1.151304e-04	-1.172385e-04	-1.166347e-04	-1.140184e-04	-1.100331e-04	-1.052013e-04	-9.991226e-05	-9.446333e-05	-8.901872e-05	-8.369226e-05	-7.857348e-05	-7.371484e-05	-6.913463e-05	-6.484034e-05	-6.082844e-05	
 3.133811e-05	-1.207077e-05	-2.038692e-04	 3.908892e-04	-7.793620e-05	 2.063094e-04	 1.707484e-04	 1.346496e-04	 1.017487e-04	 7.379572e-05	 5.115588e-05	 3.341895e-05	 1.984203e-05	 9.649073e-06	 2.116253e-06	-3.383586e-06	-7.326213e-06	-1.010322e-05	-1.200474e-05	-1.324660e-05	-1.400698e-05	-1.440975e-05	-1.455016e-05	-1.449725e-05	-1.430465e-05	
 2.529408e-05	-1.984299e-05	-1.835196e-04	-2.424622e-05	-7.997891e-05	 1.707484e-04	 1.695797e-04	 1.612789e-04	 1.485757e-04	 1.338710e-04	 1.188814e-04	 1.046432e-04	 9.167053e-05	 8.015875e-05	 7.010963e-05	 6.140681e-05	 5.391205e-05	 4.746879e-05	 4.192867e-05	 3.716631e-05	 3.305529e-05	 2.950038e-05	 2.641650e-05	 2.373631e-05	 2.139816e-05	
 1.876122e-05	-2.541970e-05	-1.606260e-04	-3.571190e-04	-8.984557e-05	 1.346496e-04	 1.612789e-04	 1.758551e-04	 1.801189e-04	 1.768562e-04	 1.687834e-04	 1.580541e-04	 1.461762e-04	 1.341242e-04	 1.224896e-04	 1.115775e-04	 1.015313e-04	 9.239356e-05	 8.413863e-05	 7.672083e-05	 7.006213e-05	 6.409535e-05	 5.874778e-05	 5.395668e-05	 4.965682e-05	
 1.271571e-05	-2.877812e-05	-1.376315e-04	-5.968684e-04	-1.008966e-04	 1.017487e-04	 1.485757e-04	 1.801189e-04	 1.972591e-04	 2.029451e-04	 2.005396e-04	 1.929617e-04	 1.824202e-04	 1.704487e-04	 1.580691e-04	 1.458989e-04	 1.342934e-04	 1.234475e-04	 1.134314e-04	 1.042631e-04	 9.590550e-05	 8.831597e-05	 8.143451e-05	 7.520460e-05	 6.956101e-05	
 7.625506e-06	-3.028680e-05	-1.161704e-04	-7.522913e-04	-1.097108e-04	 7.379572e-05	 1.338710e-04	 1.768562e-04	 2.029451e-04	 2.150878e-04	 2.169970e-04	 2.120506e-04	 2.028960e-04	 1.914264e-04	 1.789464e-04	 1.662841e-04	 1.539398e-04	 1.422152e-04	 1.312497e-04	 1.211082e-04	 1.117857e-04	 1.032598e-04	 9.548201e-05	 8.840281e-05	 8.195940e-05	
 3.604924e-06	-3.043200e-05	-9.710108e-05	-8.402803e-04	-1.151304e-04	 5.115588e-05	 1.188814e-04	 1.687834e-04	 2.005396e-04	 2.169970e-04	 2.219970e-04	 2.191386e-04	 2.113009e-04	 2.005767e-04	 1.884341e-04	 1.758278e-04	 1.633479e-04	 1.513643e-04	 1.400626e-04	 1.295400e-04	 1.198153e-04	 1.108815e-04	 1.027007e-04	 9.522974e-05	 8.840991e-05	
 5.728115e-07	-2.966358e-05	-8.070252e-05	-8.785829e-04	-1.172385e-04	 3.341895e-05	 1.046432e-04	 1.580541e-04	 1.929617e-04	 2.120506e-04	 2.191386e-04	 2.178763e-04	 2.112240e-04	 2.013565e-04	 1.898167e-04	 1.776226e-04	 1.654119e-04	 1.535932e-04	 1.423799e-04	 1.318900e-04	 1.221589e-04	 1.131912e-04	 1.049576e-04	 9.742123e-05	 9.052778e-05	
-1.631007e-06	-2.833611e-05	-6.688610e-05	-8.824777e-04	-1.166347e-04	 1.984203e-05	 9.167053e-05	 1.461762e-04	 1.824202e-04	 2.028960e-04	 2.113009e-04	 2.112240e-04	 2.056046e-04	 1.966183e-04	 1.858206e-04	 1.742481e-04	 1.625559e-04	 1.511696e-04	 1.403172e-04	 1.301284e-04	 1.206500e-04	 1.118947e-04	 1.038404e-04	 9.645549e-05	 8.969057e-05	
-3.175495e-06	-2.670431e-05	-5.540645e-05	-8.636950e-04	-1.140184e-04	 9.649073e-06	 8.015875e-05	 1.341242e-04	 1.704487e-04	 1.914264e-04	 2.005767e-04	 2.013565e-04	 1.966183e-04	 1.884852e-04	 1.784840e-04	 1.676396e-04	 1.566037e-04	 1.458041e-04	 1.354736e-04	 1.257474e-04	 1.166794e-04	 1.082880e-04	 1.005565e-04	 9.345830e-05	 8.694847e-05	
-4.215623e-06	-2.494398e-05	-4.594516e-05	-8.309486e-04	-1.100331e-04	 2.116253e-06	 7.010963e-05	 1.224896e-04	 1.580691e-04	 1.789464e-04	 1.884341e-04	 1.898167e-04	 1.858206e-04	 1.784840e-04	 1.692793e-04	 1.592002e-04	 1.488817e-04	 1.387436e-04	 1.290174e-04	 1.198392e-04	 1.112668e-04	 1.033224e-04	 9.599370e-05	 8.925809e-05	 8.307514e-05	
-4.881794e-06	-2.316600e-05	-3.816091e-05	-7.903355e-04	-1.052013e-04	-3.383586e-06	 6.140681e-05	 1.115775e-04	 1.458989e-04	 1.662841e-04	 1.758278e-04	 1.776226e-04	 1.742481e-04	 1.676396e-04	 1.592002e-04	 1.498810e-04	 1.402920e-04	 1.308390e-04	 1.217477e-04	 1.131524e-04	 1.051125e-04	 9.765240e-05	 9.076353e-05	 8.442655e-05	 7.860508e-05	
-5.272618e-06	-2.143769e-05	-3.177167e-05	-7.458646e-04	-9.991226e-05	-7.326213e-06	 5.391205e-05	 1.015313e-04	 1.342934e-04	 1.539398e-04	 1.633479e-04	 1.654119e-04	 1.625559e-04	 1.566037e-04	 1.488817e-04	 1.402920e-04	 1.314152e-04	 1.226392e-04	 1.141814e-04	 1.061721e-04	 9.867084e-05	 9.170343e-05	 8.526398e-05	 7.933602e-05	 7.388678e-05	
-5.467985e-06	-1.979966e-05	-2.652253e-05	-7.003084e-04	-9.446333e-05	-1.010322e-05	 4.746879e-05	 9.239356e-05	 1.234475e-04	 1.422152e-04	 1.513643e-04	 1.535932e-04	 1.511696e-04	 1.458041e-04	 1.387436e-04	 1.308390e-04	 1.226392e-04	 1.145123e-04	 1.066660e-04	 9.922529e-05	 9.224909e-05	 8.576364e-05	 7.976518e-05	 7.423965e-05	 6.915753e-05	
-5.522994e-06	-1.826963e-05	-2.219841e-05	-6.553269e-04	-8.901872e-05	-1.200474e-05	 4.192867e-05	 8.413863e-05	 1.134314e-04	 1.312497e-04	 1.400626e-04	 1.423799e-04	 1.403172e-04	 1.354736e-04	 1.290174e-04	 1.217477e-04	 1.141814e-04	 1.066660e-04	 9.939848e-05	 9.249837e-05	 8.602288e-05	 7.999827e-05	 7.442245e-05	 6.928339e-05	 6.455445e-05	
-5.478099e-06	-1.685565e-05	-1.863125e-05	-6.119698e-04	-8.369226e-05	-1.324660e-05	 3.716631e-05	 7.672083e-05	 1.042631e-04	 1.211082e-04	 1.295400e-04	 1.318900e-04	 1.301284e-04	 1.257474e-04	 1.198392e-04	 1.131524e-04	 1.061721e-04	 9.922529e-05	 9.249837e-05	 8.610466e-05	 8.009944e-05	 7.450855e-05	 6.933123e-05	 6.455713e-05	 6.016215e-05	
-5.366611e-06	-1.555655e-05	-1.567159e-05	-5.708211e-04	-7.857348e-05	-1.400698e-05	 3.305529e-05	 7.006213e-05	 9.590550e-05	 1.117857e-04	 1.198153e-04	 1.221589e-04	 1.206500e-04	 1.166794e-04	 1.112668e-04	 1.051125e-04	 9.867084e-05	 9.224909e-05	 8.602288e-05	 8.009944e-05	 7.453180e-05	 6.934517e-05	 6.453979e-05	 6.010674e-05	 5.602419e-05	
-5.211286e-06	-1.436896e-05	-1.321115e-05	-5.321972e-04	-7.371484e-05	-1.440975e-05	 2.950038e-05	 6.409535e-05	 8.831597e-05	 1.032598e-04	 1.108815e-04	 1.131912e-04	 1.118947e-04	 1.082880e-04	 1.033224e-04	 9.765240e-05	 9.170343e-05	 8.576364e-05	 7.999827e-05	 7.450855e-05	 6.934517e-05	 6.453254e-05	 6.007164e-05	 5.595479e-05	 5.216216e-05	
-5.027310e-06	-1.328581e-05	-1.115551e-05	-4.961968e-04	-6.913463e-05	-1.455016e-05	 2.641650e-05	 5.874778e-05	 8.143451e-05	 9.548201e-05	 1.027007e-04	 1.049576e-04	 1.038404e-04	 1.005565e-04	 9.599370e-05	 9.076353e-05	 8.526398e-05	 7.976518e-05	 7.442245e-05	 6.933123e-05	 6.453979e-05	 6.007164e-05	 5.592837e-05	 5.210329e-05	 4.857839e-05	
-4.825773e-06	-1.230001e-05	-9.433791e-06	-4.628215e-04	-6.484034e-05	-1.449725e-05	 2.373631e-05	 5.395668e-05	 7.520460e-05	 8.840281e-05	 9.522974e-05	 9.742123e-05	 9.645549e-05	 9.345830e-05	 8.925809e-05	 8.442655e-05	 7.933602e-05	 7.423965e-05	 6.928339e-05	 6.455713e-05	 6.010674e-05	 5.595479e-05	 5.210329e-05	 4.854645e-05	 4.526783e-05	
-4.615303e-06	-1.140275e-05	-7.986326e-06	-4.319584e-04	-6.082844e-05	-1.430465e-05	 2.139816e-05	 4.965682e-05	 6.956101e-05	 8.195940e-05	 8.840991e-05	 9.052778e-05	 8.969057e-05	 8.694847e-05	 8.307514e-05	 7.860508e-05	 7.388678e-05	 6.915753e-05	 6.455445e-05	 6.016215e-05	 5.602419e-05	 5.216216e-05	 4.857839e-05	 4.526783e-05	 4.221546e-05	
