#        omega_cdm,          omega_b,                h,           w0_fld,           wa_fld,          D_z0.00,          D_z0.15,          D_z0.30,          D_z0.45,          D_z0.60,          D_z0.75,          D_z0.90,          D_z1.05,          D_z1.20,          D_z1.35,          D_z1.50,          D_z1.65,          D_z1.80,          D_z1.95,          D_z2.10,          D_z2.25,          D_z2.40,          D_z2.55,          D_z2.70,          D_z2.85
 1.620722e-05	-8.720650e-07	 2.725688e-05	-1.184214e-04	 3.358776e-05	0.000000e+00	-2.195131e-06	-4.692207e-06	-7.039207e-06	-9.024046e-06	-1.058534e-05	-1.174256e-05	-1.255039e-05	-1.307321e-05	-1.337211e-05	-1.349978e-05	-1.349899e-05	-1.340379e-05	-1.324064e-05	-1.302949e-05	-1.278561e-05	-1.252055e-05	-1.224271e-05	-1.195837e-05	-1.167232e-05	
-8.720650e-07	 4.610616e-06	 1.731501e-05	 6.719597e-05	 2.109758e-05	0.000000e+00	 1.488319e-06	 3.118674e-06	 4.641877e-06	 5.935320e-06	 6.961523e-06	 7.731082e-06	 8.277000e-06	 8.638586e-06	 8.853992e-06	 8.956269e-06	 8.972923e-06	 8.925856e-06	 8.832139e-06	 8.704954e-06	 8.554522e-06	 8.388338e-06	 8.212310e-06	 8.030694e-06	 7.846760e-06	
 2.725688e-05	 1.731501e-05	 1.451612e-04	-4.825568e-05	 1.451593e-04	0.000000e+00	 3.684100e-06	 6.093258e-06	 7.632540e-06	 8.579633e-06	 9.124325e-06	 9.396119e-06	 9.484806e-06	 9.450565e-06	 9.335461e-06	 9.167306e-06	 8.966641e-06	 8.746678e-06	 8.516398e-06	 8.282252e-06	 8.048994e-06	 7.818685e-06	 7.594081e-06	 7.376206e-06	 7.165653e-06	
-1.184214e-04	 6.719597e-05	-4.825568e-05	 2.326432e-03	-2.928994e-04	0.000000e+00	 2.779118e-05	 6.608537e-05	 1.051444e-04	 1.398826e-04	 1.682934e-04	 1.901330e-04	 2.060217e-04	 2.168966e-04	 2.237345e-04	 2.274159e-04	 2.286824e-04	 2.281359e-04	 2.262499e-04	 2.233911e-04	 2.198446e-04	 2.158244e-04	 2.114947e-04	 2.069772e-04	 2.023658e-04	
 3.358776e-05	 2.109758e-05	 1.451593e-04	-2.928994e-04	 2.186962e-03	0.000000e+00	 3.919409e-07	 6.847144e-07	 2.025210e-06	 4.337163e-06	 7.201723e-06	 1.021441e-05	 1.309516e-05	 1.568357e-05	 1.790963e-05	 1.975907e-05	 2.125303e-05	 2.242596e-05	 2.331863e-05	 2.397285e-05	 2.442684e-05	 2.471377e-05	 2.486445e-05	 2.490299e-05	 2.485201e-05	
0.000000e+00	0.000000e+00	0.000000e+00	0.000000e+00	0.000000e+00	0.000000e+00	0.000000e+00	0.000000e+00	0.000000e+00	0.000000e+00	0.000000e+00	0.000000e+00	0.000000e+00	0.000000e+00	0.000000e+00	0.000000e+00	0.000000e+00	0.000000e+00	0.000000e+00	0.000000e+00	0.000000e+00	0.000000e+00	0.000000e+00	0.000000e+00	0.000000e+00	
-2.195131e-06	 1.488319e-06	 3.684100e-06	 2.779118e-05	 3.919409e-07	0.000000e+00	 8.553552e-07	 1.694291e-06	 2.427267e-06	 3.019372e-06	 3.469083e-06	 3.791637e-06	 4.008460e-06	 4.141202e-06	 4.209188e-06	 4.228415e-06	 4.211681e-06	 4.168921e-06	 4.107745e-06	 4.033856e-06	 3.951601e-06	 3.864146e-06	 3.773883e-06	 3.682521e-06	 3.591345e-06	
-4.692207e-06	 3.118674e-06	 6.093258e-06	 6.608537e-05	 6.847144e-07	0.000000e+00	 1.694291e-06	 3.444092e-06	 5.018799e-06	 6.317646e-06	 7.321531e-06	 8.054290e-06	 8.557440e-06	 8.875543e-06	 9.049578e-06	 9.114090e-06	 9.097043e-06	 9.020381e-06	 8.901026e-06	 8.751762e-06	 8.582393e-06	 8.400109e-06	 8.210370e-06	 8.017119e-06	 7.823339e-06	
-7.039207e-06	 4.641877e-06	 7.632540e-06	 1.051444e-04	 2.025210e-06	0.000000e+00	 2.427267e-06	 5.018799e-06	 7.393585e-06	 9.376788e-06	 1.092533e-05	 1.206703e-05	 1.286030e-05	 1.337053e-05	 1.365897e-05	 1.377784e-05	 1.376975e-05	 1.366832e-05	 1.349958e-05	 1.328333e-05	 1.303476e-05	 1.276508e-05	 1.248282e-05	 1.219419e-05	 1.190388e-05	
-9.024046e-06	 5.935320e-06	 8.579633e-06	 1.398826e-04	 4.337163e-06	0.000000e+00	 3.019372e-06	 6.317646e-06	 9.376788e-06	 1.195246e-05	 1.397706e-05	 1.547944e-05	 1.653124e-05	 1.721502e-05	 1.760922e-05	 1.778120e-05	 1.778617e-05	 1.766791e-05	 1.746042e-05	 1.718959e-05	 1.687539e-05	 1.653255e-05	 1.617234e-05	 1.580297e-05	 1.543067e-05	
-1.058534e-05	 6.961523e-06	 9.124325e-06	 1.682934e-04	 7.201723e-06	0.000000e+00	 3.469083e-06	 7.321531e-06	 1.092533e-05	 1.397706e-05	 1.638710e-05	 1.818360e-05	 1.944787e-05	 2.027581e-05	 2.075935e-05	 2.097792e-05	 2.099685e-05	 2.086808e-05	 2.063203e-05	 2.031956e-05	 1.995451e-05	 1.955451e-05	 1.913304e-05	 1.869996e-05	 1.826277e-05	
-1.174256e-05	 7.731082e-06	 9.396119e-06	 1.901330e-04	 1.021441e-05	0.000000e+00	 3.791637e-06	 8.054290e-06	 1.206703e-05	 1.547944e-05	 1.818360e-05	 2.020602e-05	 2.163471e-05	 2.257525e-05	 2.312966e-05	 2.338637e-05	 2.341838e-05	 2.328381e-05	 2.302799e-05	 2.268559e-05	 2.228338e-05	 2.184122e-05	 2.137434e-05	 2.089382e-05	 2.040819e-05	
-1.255039e-05	 8.277000e-06	 9.484806e-06	 2.060217e-04	 1.309516e-05	0.000000e+00	 4.008460e-06	 8.557440e-06	 1.286030e-05	 1.653124e-05	 1.944787e-05	 2.163471e-05	 2.318400e-05	 2.420799e-05	 2.481572e-05	 2.510207e-05	 2.514547e-05	 2.500850e-05	 2.474003e-05	 2.437745e-05	 2.394970e-05	 2.347828e-05	 2.297962e-05	 2.246578e-05	 2.194600e-05	
-1.307321e-05	 8.638586e-06	 9.450565e-06	 2.168966e-04	 1.568357e-05	0.000000e+00	 4.141202e-06	 8.875543e-06	 1.337053e-05	 1.721502e-05	 2.027581e-05	 2.257525e-05	 2.420799e-05	 2.529045e-05	 2.593628e-05	 2.624458e-05	 2.629743e-05	 2.616043e-05	 2.588481e-05	 2.550984e-05	 2.506594e-05	 2.457570e-05	 2.405643e-05	 2.352082e-05	 2.297861e-05	
-1.337211e-05	 8.853992e-06	 9.335461e-06	 2.237345e-04	 1.790963e-05	0.000000e+00	 4.209188e-06	 9.049578e-06	 1.365897e-05	 1.760922e-05	 2.075935e-05	 2.312966e-05	 2.481572e-05	 2.593628e-05	 2.660761e-05	 2.693135e-05	 2.699178e-05	 2.685633e-05	 2.657771e-05	 2.619637e-05	 2.574361e-05	 2.524274e-05	 2.471163e-05	 2.416336e-05	 2.360800e-05	
-1.349978e-05	 8.956269e-06	 9.167306e-06	 2.274159e-04	 1.975907e-05	0.000000e+00	 4.228415e-06	 9.114090e-06	 1.377784e-05	 1.778120e-05	 2.097792e-05	 2.338637e-05	 2.510207e-05	 2.624458e-05	 2.693135e-05	 2.726521e-05	 2.733154e-05	 2.719868e-05	 2.692012e-05	 2.653690e-05	 2.608084e-05	 2.557561e-05	 2.503936e-05	 2.448543e-05	 2.392406e-05	
-1.349899e-05	 8.972923e-06	 8.966641e-06	 2.286824e-04	 2.125303e-05	0.000000e+00	 4.211681e-06	 9.097043e-06	 1.376975e-05	 1.778617e-05	 2.099685e-05	 2.341838e-05	 2.514547e-05	 2.629743e-05	 2.699178e-05	 2.733154e-05	 2.740231e-05	 2.727270e-05	 2.699639e-05	 2.661463e-05	 2.615938e-05	 2.565446e-05	 2.511814e-05	 2.456381e-05	 2.400181e-05	
-1.340379e-05	 8.925856e-06	 8.746678e-06	 2.281359e-04	 2.242596e-05	0.000000e+00	 4.168921e-06	 9.020381e-06	 1.366832e-05	 1.766791e-05	 2.086808e-05	 2.328381e-05	 2.500850e-05	 2.616043e-05	 2.685633e-05	 2.719868e-05	 2.727270e-05	 2.714670e-05	 2.687419e-05	 2.649629e-05	 2.604488e-05	 2.554372e-05	 2.501103e-05	 2.446020e-05	 2.390156e-05	
-1.324064e-05	 8.832139e-06	 8.516398e-06	 2.262499e-04	 2.331863e-05	0.000000e+00	 4.107745e-06	 8.901026e-06	 1.349958e-05	 1.746042e-05	 2.063203e-05	 2.302799e-05	 2.474003e-05	 2.588481e-05	 2.657771e-05	 2.692012e-05	 2.699639e-05	 2.687419e-05	 2.660655e-05	 2.623421e-05	 2.578879e-05	 2.529385e-05	 2.476749e-05	 2.422299e-05	 2.367059e-05	
-1.302949e-05	 8.704954e-06	 8.282252e-06	 2.233911e-04	 2.397285e-05	0.000000e+00	 4.033856e-06	 8.751762e-06	 1.328333e-05	 1.718959e-05	 2.031956e-05	 2.268559e-05	 2.437745e-05	 2.550984e-05	 2.619637e-05	 2.653690e-05	 2.661463e-05	 2.649629e-05	 2.623421e-05	 2.586860e-05	 2.543068e-05	 2.494372e-05	 2.442558e-05	 2.388941e-05	 2.334533e-05	
-1.278561e-05	 8.554522e-06	 8.048994e-06	 2.198446e-04	 2.442684e-05	0.000000e+00	 3.951601e-06	 8.582393e-06	 1.303476e-05	 1.687539e-05	 1.995451e-05	 2.228338e-05	 2.394970e-05	 2.506594e-05	 2.574361e-05	 2.608084e-05	 2.615938e-05	 2.604488e-05	 2.578879e-05	 2.543068e-05	 2.500127e-05	 2.452347e-05	 2.401487e-05	 2.348841e-05	 2.295406e-05	
-1.252055e-05	 8.388338e-06	 7.818685e-06	 2.158244e-04	 2.471377e-05	0.000000e+00	 3.864146e-06	 8.400109e-06	 1.276508e-05	 1.653255e-05	 1.955451e-05	 2.184122e-05	 2.347828e-05	 2.457570e-05	 2.524274e-05	 2.557561e-05	 2.565446e-05	 2.554372e-05	 2.529385e-05	 2.494372e-05	 2.452347e-05	 2.405560e-05	 2.355740e-05	 2.304156e-05	 2.251788e-05	
-1.224271e-05	 8.212310e-06	 7.594081e-06	 2.114947e-04	 2.486445e-05	0.000000e+00	 3.773883e-06	 8.210370e-06	 1.248282e-05	 1.617234e-05	 1.913304e-05	 2.137434e-05	 2.297962e-05	 2.405643e-05	 2.471163e-05	 2.503936e-05	 2.511814e-05	 2.501103e-05	 2.476749e-05	 2.442558e-05	 2.401487e-05	 2.355740e-05	 2.307010e-05	 2.256544e-05	 2.205302e-05	
-1.195837e-05	 8.030694e-06	 7.376206e-06	 2.069772e-04	 2.490299e-05	0.000000e+00	 3.682521e-06	 8.017119e-06	 1.219419e-05	 1.580297e-05	 1.869996e-05	 2.089382e-05	 2.246578e-05	 2.352082e-05	 2.416336e-05	 2.448543e-05	 2.456381e-05	 2.446020e-05	 2.422299e-05	 2.388941e-05	 2.348841e-05	 2.304156e-05	 2.256544e-05	 2.207226e-05	 2.157142e-05	
-1.167232e-05	 7.846760e-06	 7.165653e-06	 2.023658e-04	 2.485201e-05	0.000000e+00	 3.591345e-06	 7.823339e-06	 1.190388e-05	 1.543067e-05	 1.826277e-05	 2.040819e-05	 2.194600e-05	 2.297861e-05	 2.360800e-05	 2.392406e-05	 2.400181e-05	 2.390156e-05	 2.367059e-05	 2.334533e-05	 2.295406e-05	 2.251788e-05	 2.205302e-05	 2.157142e-05	 2.108228e-05	
