#        omega_cdm,          omega_b,                h,           w0_fld,           wa_fld,          D_z0.00,          D_z0.15,          D_z0.30,          D_z0.45,          D_z0.60,          D_z0.75,          D_z0.90,          D_z1.05,          D_z1.20,          D_z1.35,          D_z1.50,          D_z1.65,          D_z1.80,          D_z1.95,          D_z2.10,          D_z2.25,          D_z2.40,          D_z2.55,          D_z2.70,          D_z2.85
 3.417526e-05	-3.009135e-06	 3.491503e-06	 3.296697e-05	-2.304498e-05	0.000000e+00	-8.245987e-06	-1.397446e-05	-1.782933e-05	-2.032708e-05	-2.185971e-05	-2.271447e-05	-2.309743e-05	-2.315548e-05	-2.299195e-05	-2.267926e-05	-2.226878e-05	-2.179670e-05	-2.128787e-05	-2.076043e-05	-2.022652e-05	-1.969494e-05	-1.917112e-05	-1.865928e-05	-1.816187e-05	
-3.009135e-06	 1.771767e-06	 2.733312e-07	 4.218142e-05	-2.270879e-06	0.000000e+00	 7.490709e-07	 1.628747e-06	 2.489336e-06	 3.256393e-06	 3.901855e-06	 4.422869e-06	 4.829394e-06	 5.136283e-06	 5.359429e-06	 5.513717e-06	 5.612350e-06	 5.666406e-06	 5.685149e-06	 5.676185e-06	 5.645540e-06	 5.598237e-06	 5.538169e-06	 5.468504e-06	 5.391769e-06	
 3.491503e-06	 2.733312e-07	 1.200340e-05	-4.985215e-06	-5.224663e-05	0.000000e+00	 2.871251e-07	 3.810196e-07	 3.269435e-07	 1.780094e-07	-2.167147e-08	-2.407809e-07	-4.591483e-07	-6.648463e-07	-8.517300e-07	-1.017274e-06	-1.161214e-06	-1.284395e-06	-1.388524e-06	-1.475489e-06	-1.547238e-06	-1.605759e-06	-1.652569e-06	-1.689544e-06	-1.717841e-06	
 3.296697e-05	 4.218142e-05	-4.985215e-06	 2.121618e-03	-1.107750e-04	0.000000e+00	-3.869541e-06	 1.038693e-05	 3.273954e-05	 5.723411e-05	 8.066244e-05	 1.014972e-04	 1.192000e-04	 1.337536e-04	 1.454010e-04	 1.544900e-04	 1.613929e-04	 1.664571e-04	 1.700015e-04	 1.722980e-04	 1.735759e-04	 1.740311e-04	 1.738237e-04	 1.730863e-04	 1.719276e-04	
-2.304498e-05	-2.270879e-06	-5.224663e-05	-1.107750e-04	 1.106760e-03	0.000000e+00	 1.644312e-06	 3.337821e-06	 5.588806e-06	 8.338208e-06	 1.136529e-05	 1.444971e-05	 1.742539e-05	 2.018542e-05	 2.267051e-05	 2.485800e-05	 2.674681e-05	 2.835136e-05	 2.969275e-05	 3.079630e-05	 3.168763e-05	 3.239439e-05	 3.293721e-05	 3.334070e-05	 3.362134e-05	
0.000000e+00	0.000000e+00	0.000000e+00	0.000000e+00	0.000000e+00	0.000000e+00	0.000000e+00	0.000000e+00	0.000000e+00	0.000000e+00	0.000000e+00	0.000000e+00	0.000000e+00	0.000000e+00	0.000000e+00	0.000000e+00	0.000000e+00	0.000000e+00	0.000000e+00	0.000000e+00	0.000000e+00	0.000000e+00	0.000000e+00	0.000000e+00	0.000000e+00	
-8.245987e-06	 7.490709e-07	 2.871251e-07	-3.869541e-06	 1.644312e-06	0.000000e+00	 2.153846e-06	 3.682512e-06	 4.732602e-06	 5.428159e-06	 5.866780e-06	 6.121846e-06	 6.247121e-06	 6.281609e-06	 6.253152e-06	 6.181553e-06	 6.081019e-06	 5.961698e-06	 5.830654e-06	 5.693083e-06	 5.552540e-06	 5.411606e-06	 5.271964e-06	 5.134882e-06	 5.001164e-06	
-1.397446e-05	 1.628747e-06	 3.810196e-07	 1.038693e-05	 3.337821e-06	0.000000e+00	 3.682512e-06	 6.434624e-06	 8.428330e-06	 9.829063e-06	 1.077872e-05	 1.139111e-05	 1.175430e-05	 1.193523e-05	 1.198378e-05	 1.193687e-05	 1.182199e-05	 1.165946e-05	 1.146408e-05	 1.124703e-05	 1.101633e-05	 1.077805e-05	 1.053642e-05	 1.029473e-05	 1.005526e-05	
-1.782933e-05	 2.489336e-06	 3.269435e-07	 3.273954e-05	 5.588806e-06	0.000000e+00	 4.732602e-06	 8.428330e-06	 1.121846e-05	 1.326211e-05	 1.471289e-05	 1.570352e-05	 1.634266e-05	 1.671654e-05	 1.689179e-05	 1.691935e-05	 1.683822e-05	 1.667792e-05	 1.646056e-05	 1.620318e-05	 1.591831e-05	 1.561568e-05	 1.530227e-05	 1.498360e-05	 1.466368e-05	
-2.032708e-05	 3.256393e-06	 1.780094e-07	 5.723411e-05	 8.338208e-06	0.000000e+00	 5.428159e-06	 9.829063e-06	 1.326211e-05	 1.585527e-05	 1.775527e-05	 1.910043e-05	 2.001062e-05	 2.058489e-05	 2.090222e-05	 2.102453e-05	 2.100029e-05	 2.086683e-05	 2.065269e-05	 2.038011e-05	 2.006577e-05	 1.972278e-05	 1.936073e-05	 1.898732e-05	 1.860820e-05	
-2.185971e-05	 3.901855e-06	-2.167147e-08	 8.066244e-05	 1.136529e-05	0.000000e+00	 5.866780e-06	 1.077872e-05	 1.471289e-05	 1.775527e-05	 2.003612e-05	 2.169145e-05	 2.284621e-05	 2.360748e-05	 2.406304e-05	 2.428318e-05	 2.432383e-05	 2.422866e-05	 2.403157e-05	 2.375922e-05	 2.343182e-05	 2.306544e-05	 2.267199e-05	 2.226107e-05	 2.183984e-05	
-2.271447e-05	 4.422869e-06	-2.407809e-07	 1.014972e-04	 1.444971e-05	0.000000e+00	 6.121846e-06	 1.139111e-05	 1.570352e-05	 1.910043e-05	 2.169145e-05	 2.360597e-05	 2.497001e-05	 2.589531e-05	 2.647566e-05	 2.678747e-05	 2.689239e-05	 2.683907e-05	 2.666572e-05	 2.640255e-05	 2.607271e-05	 2.569472e-05	 2.528243e-05	 2.484707e-05	 2.439707e-05	
-2.309743e-05	 4.829394e-06	-4.591483e-07	 1.192000e-04	 1.742539e-05	0.000000e+00	 6.247121e-06	 1.175430e-05	 1.634266e-05	 2.001062e-05	 2.284621e-05	 2.497001e-05	 2.650663e-05	 2.757006e-05	 2.825794e-05	 2.865103e-05	 2.881521e-05	 2.880291e-05	 2.865565e-05	 2.840648e-05	 2.808086e-05	 2.769930e-05	 2.727722e-05	 2.682716e-05	 2.635863e-05	
-2.315548e-05	 5.136283e-06	-6.648463e-07	 1.337536e-04	 2.018542e-05	0.000000e+00	 6.281609e-06	 1.193523e-05	 1.671654e-05	 2.058489e-05	 2.360748e-05	 2.589531e-05	 2.757006e-05	 2.874625e-05	 2.952381e-05	 2.998639e-05	 3.020287e-05	 3.022845e-05	 3.010717e-05	 2.987421e-05	 2.955683e-05	 2.917708e-05	 2.875163e-05	 2.829407e-05	 2.781475e-05	
-2.299195e-05	 5.359429e-06	-8.517300e-07	 1.454010e-04	 2.267051e-05	0.000000e+00	 6.253152e-06	 1.198378e-05	 1.689179e-05	 2.090222e-05	 2.406304e-05	 2.647566e-05	 2.825794e-05	 2.952381e-05	 3.037423e-05	 3.089465e-05	 3.115596e-05	 3.121531e-05	 3.111855e-05	 3.090243e-05	 3.059557e-05	 3.022117e-05	 2.979687e-05	 2.933706e-05	 2.885275e-05	
-2.267926e-05	 5.513717e-06	-1.017274e-06	 1.544900e-04	 2.485800e-05	0.000000e+00	 6.181553e-06	 1.193687e-05	 1.691935e-05	 2.102453e-05	 2.428318e-05	 2.678747e-05	 2.865103e-05	 2.998639e-05	 3.089465e-05	 3.146219e-05	 3.176112e-05	 3.184986e-05	 3.177552e-05	 3.157597e-05	 3.128077e-05	 3.091400e-05	 3.049398e-05	 3.003572e-05	 2.955072e-05	
-2.226878e-05	 5.612350e-06	-1.161214e-06	 1.613929e-04	 2.674681e-05	0.000000e+00	 6.081019e-06	 1.182199e-05	 1.683822e-05	 2.100029e-05	 2.432383e-05	 2.689239e-05	 2.881521e-05	 3.020287e-05	 3.115596e-05	 3.176112e-05	 3.209107e-05	 3.220498e-05	 3.215074e-05	 3.196695e-05	 3.168384e-05	 3.132608e-05	 3.091248e-05	 3.045849e-05	 2.997596e-05	
-2.179670e-05	 5.666406e-06	-1.284395e-06	 1.664571e-04	 2.835136e-05	0.000000e+00	 5.961698e-06	 1.165946e-05	 1.667792e-05	 2.086683e-05	 2.422866e-05	 2.683907e-05	 2.880291e-05	 3.022845e-05	 3.121531e-05	 3.184986e-05	 3.220498e-05	 3.234015e-05	 3.230368e-05	 3.213460e-05	 3.186354e-05	 3.151555e-05	 3.110977e-05	 3.066196e-05	 3.018421e-05	
-2.128787e-05	 5.685149e-06	-1.388524e-06	 1.700015e-04	 2.969275e-05	0.000000e+00	 5.830654e-06	 1.146408e-05	 1.646056e-05	 2.065269e-05	 2.403157e-05	 2.666572e-05	 2.865565e-05	 3.010717e-05	 3.111855e-05	 3.177552e-05	 3.215074e-05	 3.230368e-05	 3.228278e-05	 3.212726e-05	 3.186794e-05	 3.153009e-05	 3.113305e-05	 3.069274e-05	 3.022141e-05	
-2.076043e-05	 5.676185e-06	-1.475489e-06	 1.722980e-04	 3.079630e-05	0.000000e+00	 5.693083e-06	 1.124703e-05	 1.620318e-05	 2.038011e-05	 2.375922e-05	 2.640255e-05	 2.840648e-05	 2.987421e-05	 3.090243e-05	 3.157597e-05	 3.196695e-05	 3.213460e-05	 3.212726e-05	 3.198413e-05	 3.173608e-05	 3.140844e-05	 3.102065e-05	 3.058872e-05	 3.012497e-05	
-2.022652e-05	 5.645540e-06	-1.547238e-06	 1.735759e-04	 3.168763e-05	0.000000e+00	 5.552540e-06	 1.101633e-05	 1.591831e-05	 2.006577e-05	 2.343182e-05	 2.607271e-05	 2.808086e-05	 2.955683e-05	 3.059557e-05	 3.128077e-05	 3.168384e-05	 3.186354e-05	 3.186794e-05	 3.173608e-05	 3.149874e-05	 3.118122e-05	 3.080294e-05	 3.037993e-05	 2.992455e-05	
-1.969494e-05	 5.598237e-06	-1.605759e-06	 1.740311e-04	 3.239439e-05	0.000000e+00	 5.411606e-06	 1.077805e-05	 1.561568e-05	 1.972278e-05	 2.306544e-05	 2.569472e-05	 2.769930e-05	 2.917708e-05	 3.022117e-05	 3.091400e-05	 3.132608e-05	 3.151555e-05	 3.153009e-05	 3.140844e-05	 3.118122e-05	 3.087358e-05	 3.050489e-05	 3.009112e-05	 2.964460e-05	
-1.917112e-05	 5.538169e-06	-1.652569e-06	 1.738237e-04	 3.293721e-05	0.000000e+00	 5.271964e-06	 1.053642e-05	 1.530227e-05	 1.936073e-05	 2.267199e-05	 2.528243e-05	 2.727722e-05	 2.875163e-05	 2.979687e-05	 3.049398e-05	 3.091248e-05	 3.110977e-05	 3.113305e-05	 3.102065e-05	 3.080294e-05	 3.050489e-05	 3.014573e-05	 2.974134e-05	 2.930398e-05	
-1.865928e-05	 5.468504e-06	-1.689544e-06	 1.730863e-04	 3.334070e-05	0.000000e+00	 5.134882e-06	 1.029473e-05	 1.498360e-05	 1.898732e-05	 2.226107e-05	 2.484707e-05	 2.682716e-05	 2.829407e-05	 2.933706e-05	 3.003572e-05	 3.045849e-05	 3.066196e-05	 3.069274e-05	 3.058872e-05	 3.037993e-05	 3.009112e-05	 2.974134e-05	 2.934633e-05	 2.891827e-05	
-1.816187e-05	 5.391769e-06	-1.717841e-06	 1.719276e-04	 3.362134e-05	0.000000e+00	 5.001164e-06	 1.005526e-05	 1.466368e-05	 1.860820e-05	 2.183984e-05	 2.439707e-05	 2.635863e-05	 2.781475e-05	 2.885275e-05	 2.955072e-05	 2.997596e-05	 3.018421e-05	 3.022141e-05	 3.012497e-05	 2.992455e-05	 2.964460e-05	 2.930398e-05	 2.891827e-05	 2.849954e-05	
