#        omega_cdm,          omega_b,                h,           w0_fld,           wa_fld,          f_z0.00,          f_z0.15,          f_z0.30,          f_z0.45,          f_z0.60,          f_z0.75,          f_z0.90,          f_z1.05,          f_z1.20,          f_z1.35,          f_z1.50,          f_z1.65,          f_z1.80,          f_z1.95,          f_z2.10,          f_z2.25,          f_z2.40,          f_z2.55,          f_z2.70,          f_z2.85
 3.357057e-05	 1.962679e-06	 2.994369e-05	-3.713572e-05	 6.422409e-05	 5.399906e-05	 5.805119e-05	 5.858613e-05	 5.658505e-05	 5.303484e-05	 4.871290e-05	 4.416533e-05	 3.972543e-05	 3.557278e-05	 3.178985e-05	 2.840790e-05	 2.541405e-05	 2.277283e-05	 2.045084e-05	 1.841643e-05	 1.663023e-05	 1.506196e-05	 1.368093e-05	 1.246283e-05	 1.138638e-05	
 1.962679e-06	 2.206077e-06	-1.170532e-06	 3.901195e-05	 8.166172e-06	 9.167545e-06	 6.115972e-06	 3.098309e-06	 4.515332e-07	-1.683767e-06	-3.298757e-06	-4.450665e-06	-5.223945e-06	-5.700601e-06	-5.954015e-06	-6.047712e-06	-6.026102e-06	-5.923356e-06	-5.767318e-06	-5.577688e-06	-5.367644e-06	-5.146594e-06	-4.922093e-06	-4.699294e-06	-4.481125e-06	
 2.994369e-05	-1.170532e-06	 1.595933e-04	-1.082164e-05	-1.711522e-04	-6.856147e-05	-6.732508e-05	-6.174508e-05	-5.392370e-05	-4.546963e-05	-3.732601e-05	-3.005060e-05	-2.377202e-05	-1.848859e-05	-1.414526e-05	-1.057932e-05	-7.676476e-06	-5.334876e-06	-3.453151e-06	-1.948517e-06	-7.362692e-07	 2.414119e-07	 1.021547e-06	 1.635482e-06	 2.116739e-06	
-3.713572e-05	 3.901195e-05	-1.082164e-05	 1.836806e-03	-2.147212e-04	-2.912516e-05	-1.798751e-04	-3.027556e-04	-3.923043e-04	-4.505348e-04	-4.828903e-04	-4.956149e-04	-4.943349e-04	-4.835321e-04	-4.666840e-04	-4.463490e-04	-4.241962e-04	-4.013830e-04	-3.787314e-04	-3.567708e-04	-3.357448e-04	-3.158109e-04	-2.970578e-04	-2.795205e-04	-2.631622e-04	
 6.422409e-05	 8.166172e-06	-1.711522e-04	-2.147212e-04	 9.745961e-04	 3.016975e-04	 3.194292e-04	 3.126479e-04	 2.903167e-04	 2.602080e-04	 2.277622e-04	 1.962842e-04	 1.674450e-04	 1.419477e-04	 1.199191e-04	 1.010907e-04	 8.514041e-05	 7.169371e-05	 6.038102e-05	 5.088772e-05	 4.287976e-05	 3.611623e-05	 3.040820e-05	 2.560225e-05	 2.154544e-05	
 5.399906e-05	 9.167545e-06	-6.856147e-05	-2.912516e-05	 3.016975e-04	 1.957616e-04	 2.004172e-04	 1.932342e-04	 1.786959e-04	 1.606381e-04	 1.416822e-04	 1.235030e-04	 1.068816e-04	 9.213476e-05	 7.931847e-05	 6.828840e-05	 5.886406e-05	 5.083600e-05	 4.400617e-05	 3.820656e-05	 3.325804e-05	 2.902985e-05	 2.540978e-05	 2.230826e-05	 1.964390e-05	
 5.805119e-05	 6.115972e-06	-6.732508e-05	-1.798751e-04	 3.194292e-04	 2.004172e-04	 2.175013e-04	 2.203516e-04	 2.130383e-04	 1.995951e-04	 1.831140e-04	 1.657992e-04	 1.489027e-04	 1.331134e-04	 1.187745e-04	 1.059517e-04	 9.460047e-05	 8.460470e-05	 7.583230e-05	 6.815738e-05	 6.141931e-05	 5.549910e-05	 5.029063e-05	 4.570629e-05	 4.166089e-05	
 5.858613e-05	 3.098309e-06	-6.174508e-05	-3.027556e-04	 3.126479e-04	 1.932342e-04	 2.203516e-04	 2.319614e-04	 2.315149e-04	 2.229763e-04	 2.096694e-04	 1.941397e-04	 1.779841e-04	 1.621831e-04	 1.473168e-04	 1.336351e-04	 1.212179e-04	 1.100397e-04	 1.000354e-04	 9.112445e-05	 8.317232e-05	 7.607765e-05	 6.974595e-05	 6.409641e-05	 5.904558e-05	
 5.658505e-05	 4.515332e-07	-5.392370e-05	-3.923043e-04	 2.903167e-04	 1.786959e-04	 2.130383e-04	 2.315149e-04	 2.368904e-04	 2.328851e-04	 2.228644e-04	 2.095456e-04	 1.947444e-04	 1.796433e-04	 1.649970e-04	 1.512002e-04	 1.384351e-04	 1.267539e-04	 1.161516e-04	 1.065897e-04	 9.796219e-05	 9.018721e-05	 8.318432e-05	 7.688210e-05	 7.120241e-05	
 5.303484e-05	-1.683767e-06	-4.546963e-05	-4.505348e-04	 2.602080e-04	 1.606381e-04	 1.995951e-04	 2.229763e-04	 2.328851e-04	 2.327064e-04	 2.257157e-04	 2.146713e-04	 2.015009e-04	 1.875084e-04	 1.735634e-04	 1.601646e-04	 1.475705e-04	 1.358953e-04	 1.251828e-04	 1.154305e-04	 1.065591e-04	 9.850584e-05	 9.120451e-05	 8.459386e-05	 7.860292e-05	
 4.871290e-05	-3.298757e-06	-3.732601e-05	-4.828903e-04	 2.277622e-04	 1.416822e-04	 1.831140e-04	 2.096694e-04	 2.228644e-04	 2.257157e-04	 2.213286e-04	 2.124111e-04	 2.009215e-04	 1.882210e-04	 1.752439e-04	 1.625565e-04	 1.504700e-04	 1.391445e-04	 1.286611e-04	 1.190456e-04	 1.102428e-04	 1.022066e-04	 9.488411e-05	 8.822388e-05	 8.216276e-05	
 4.416533e-05	-4.450665e-06	-3.005060e-05	-4.956149e-04	 1.962842e-04	 1.235030e-04	 1.657992e-04	 1.941397e-04	 2.095456e-04	 2.146713e-04	 2.124111e-04	 2.053656e-04	 1.954670e-04	 1.840862e-04	 1.721847e-04	 1.603664e-04	 1.489760e-04	 1.382048e-04	 1.281611e-04	 1.188921e-04	 1.103622e-04	 1.025399e-04	 9.538361e-05	 8.885100e-05	 8.288651e-05	
 3.972543e-05	-5.223945e-06	-2.377202e-05	-4.943349e-04	 1.674450e-04	 1.068816e-04	 1.489027e-04	 1.779841e-04	 1.947444e-04	 2.015009e-04	 2.009215e-04	 1.954670e-04	 1.870066e-04	 1.768886e-04	 1.660738e-04	 1.551820e-04	 1.445758e-04	 1.344664e-04	 1.249804e-04	 1.161803e-04	 1.080469e-04	 1.005600e-04	 9.368808e-05	 8.739640e-05	 8.163658e-05	
 3.557278e-05	-5.700601e-06	-1.848859e-05	-4.835321e-04	 1.419477e-04	 9.213476e-05	 1.331134e-04	 1.621831e-04	 1.796433e-04	 1.875084e-04	 1.882210e-04	 1.840862e-04	 1.768886e-04	 1.679324e-04	 1.581589e-04	 1.481877e-04	 1.383880e-04	 1.289818e-04	 1.201075e-04	 1.118380e-04	 1.041667e-04	 9.708265e-05	 9.056244e-05	 8.457797e-05	 7.908724e-05	
 3.178985e-05	-5.954015e-06	-1.414526e-05	-4.666840e-04	 1.199191e-04	 7.931847e-05	 1.187745e-04	 1.473168e-04	 1.649970e-04	 1.735634e-04	 1.752439e-04	 1.721847e-04	 1.660738e-04	 1.581589e-04	 1.493498e-04	 1.402548e-04	 1.312414e-04	 1.225364e-04	 1.142840e-04	 1.065642e-04	 9.937978e-05	 9.272732e-05	 8.658979e-05	 8.094469e-05	 7.575559e-05	
 2.840790e-05	-6.047712e-06	-1.057932e-05	-4.463490e-04	 1.010907e-04	 6.828840e-05	 1.059517e-04	 1.336351e-04	 1.512002e-04	 1.601646e-04	 1.625565e-04	 1.603664e-04	 1.551820e-04	 1.481877e-04	 1.402548e-04	 1.319732e-04	 1.237035e-04	 1.156720e-04	 1.080257e-04	 1.008481e-04	 9.414969e-05	 8.793241e-05	 8.218458e-05	 7.688825e-05	 7.201185e-05	
 2.541405e-05	-6.026102e-06	-7.676476e-06	-4.241962e-04	 8.514041e-05	 5.886406e-05	 9.460047e-05	 1.212179e-04	 1.384351e-04	 1.475705e-04	 1.504700e-04	 1.489760e-04	 1.445758e-04	 1.383880e-04	 1.312414e-04	 1.237035e-04	 1.161239e-04	 1.087255e-04	 1.016550e-04	 9.499761e-05	 8.876919e-05	 8.297606e-05	 7.761069e-05	 7.265889e-05	 6.809327e-05	
 2.277283e-05	-5.923356e-06	-5.334876e-06	-4.013830e-04	 7.169371e-05	 5.083600e-05	 8.460470e-05	 1.100397e-04	 1.267539e-04	 1.358953e-04	 1.391445e-04	 1.382048e-04	 1.344664e-04	 1.289818e-04	 1.225364e-04	 1.156720e-04	 1.087255e-04	 1.019140e-04	 9.538193e-05	 8.921460e-05	 8.343191e-05	 7.804335e-05	 7.304471e-05	 6.842486e-05	 6.416001e-05	
 2.045084e-05	-5.767318e-06	-3.453151e-06	-3.787314e-04	 6.038102e-05	 4.400617e-05	 7.583230e-05	 1.000354e-04	 1.161516e-04	 1.251828e-04	 1.286611e-04	 1.281611e-04	 1.249804e-04	 1.201075e-04	 1.142840e-04	 1.080257e-04	 1.016550e-04	 9.538193e-05	 8.934732e-05	 8.363557e-05	 7.826941e-05	 7.326065e-05	 6.860771e-05	 6.430197e-05	 6.032269e-05	
 1.841643e-05	-5.577688e-06	-1.948517e-06	-3.567708e-04	 5.088772e-05	 3.820656e-05	 6.815738e-05	 9.112445e-05	 1.065897e-04	 1.154305e-04	 1.190456e-04	 1.188921e-04	 1.161803e-04	 1.118380e-04	 1.065642e-04	 1.008481e-04	 9.499761e-05	 8.921460e-05	 8.363557e-05	 7.834318e-05	 7.336208e-05	 6.870579e-05	 6.437474e-05	 6.036238e-05	 5.665058e-05	
 1.663023e-05	-5.367644e-06	-7.362692e-07	-3.357448e-04	 4.287976e-05	 3.325804e-05	 6.141931e-05	 8.317232e-05	 9.796219e-05	 1.065591e-04	 1.102428e-04	 1.103622e-04	 1.080469e-04	 1.041667e-04	 9.937978e-05	 9.414969e-05	 8.876919e-05	 8.343191e-05	 7.826941e-05	 7.336208e-05	 6.873587e-05	 6.440544e-05	 6.037282e-05	 5.663314e-05	 5.317051e-05	
 1.506196e-05	-5.146594e-06	 2.414119e-07	-3.158109e-04	 3.611623e-05	 2.902985e-05	 5.549910e-05	 7.607765e-05	 9.018721e-05	 9.850584e-05	 1.022066e-04	 1.025399e-04	 1.005600e-04	 9.708265e-05	 9.272732e-05	 8.793241e-05	 8.297606e-05	 7.804335e-05	 7.326065e-05	 6.870579e-05	 6.440544e-05	 6.037504e-05	 5.661786e-05	 5.313039e-05	 4.989868e-05	
 1.368093e-05	-4.922093e-06	 1.021547e-06	-2.970578e-04	 3.040820e-05	 2.540978e-05	 5.029063e-05	 6.974595e-05	 8.318432e-05	 9.120451e-05	 9.488411e-05	 9.538361e-05	 9.368808e-05	 9.056244e-05	 8.658979e-05	 8.218458e-05	 7.761069e-05	 7.304471e-05	 6.860771e-05	 6.437474e-05	 6.037282e-05	 5.661786e-05	 5.311408e-05	 4.985907e-05	 4.684056e-05	
 1.246283e-05	-4.699294e-06	 1.635482e-06	-2.795205e-04	 2.560225e-05	 2.230826e-05	 4.570629e-05	 6.409641e-05	 7.688210e-05	 8.459386e-05	 8.822388e-05	 8.885100e-05	 8.739640e-05	 8.457797e-05	 8.094469e-05	 7.688825e-05	 7.265889e-05	 6.842486e-05	 6.430197e-05	 6.036238e-05	 5.663314e-05	 5.313039e-05	 4.985907e-05	 4.681769e-05	 4.399539e-05	
 1.138638e-05	-4.481125e-06	 2.116739e-06	-2.631622e-04	 2.154544e-05	 1.964390e-05	 4.166089e-05	 5.904558e-05	 7.120241e-05	 7.860292e-05	 8.216276e-05	 8.288651e-05	 8.163658e-05	 7.908724e-05	 7.575559e-05	 7.201185e-05	 6.809327e-05	 6.416001e-05	 6.032269e-05	 5.665058e-05	 5.317051e-05	 4.989868e-05	 4.684056e-05	 4.399539e-05	 4.135355e-05	
