#        omega_cdm,          omega_b,                h,           w0_fld,           wa_fld,          f_z0.00,          f_z0.15,          f_z0.30,          f_z0.45,          f_z0.60,          f_z0.75,          f_z0.90,          f_z1.05,          f_z1.20,          f_z1.35,          f_z1.50,          f_z1.65,          f_z1.80,          f_z1.95,          f_z2.10,          f_z2.25,          f_z2.40,          f_z2.55,          f_z2.70,          f_z2.85
 2.993068e-05	 2.752805e-06	 4.309078e-05	-2.566531e-05	-1.803191e-04	 3.660412e-05	 4.012258e-05	 4.274123e-05	 4.418561e-05	 4.450108e-05	 4.388693e-05	 4.263216e-05	 4.094529e-05	 3.899864e-05	 3.693690e-05	 3.485348e-05	 3.280904e-05	 3.084316e-05	 2.897684e-05	 2.722222e-05	 2.558199e-05	 2.405607e-05	 2.263927e-05	 2.132636e-05	 2.011060e-05	
 2.752805e-06	 2.813401e-06	 1.465329e-05	 2.313119e-05	-1.602773e-06	-9.792034e-07	-2.888561e-06	-4.378568e-06	-5.402686e-06	-6.009259e-06	-6.302913e-06	-6.353278e-06	-6.243378e-06	-6.037074e-06	-5.775263e-06	-5.479833e-06	-5.171459e-06	-4.867315e-06	-4.572058e-06	-4.288919e-06	-4.021555e-06	-3.771626e-06	-3.538491e-06	-3.321473e-06	-3.119896e-06	
 4.309078e-05	 1.465329e-05	 1.142179e-04	 4.130347e-05	-1.856689e-04	 2.842734e-05	 2.638773e-05	 2.492382e-05	 2.378268e-05	 2.280068e-05	 2.177709e-05	 2.081617e-05	 1.984871e-05	 1.884915e-05	 1.785778e-05	 1.690449e-05	 1.599231e-05	 1.511354e-05	 1.428174e-05	 1.350420e-05	 1.277540e-05	 1.209288e-05	 1.145604e-05	 1.086397e-05	 1.031363e-05	
-2.566531e-05	 2.313119e-05	 4.130347e-05	 5.131061e-04	-4.680255e-05	-5.289120e-05	-9.526476e-05	-1.268987e-04	-1.473822e-04	-1.583490e-04	-1.621118e-04	-1.608373e-04	-1.562545e-04	-1.497002e-04	-1.421600e-04	-1.341436e-04	-1.260573e-04	-1.182035e-04	-1.107004e-04	-1.036177e-04	-9.699096e-05	-9.083241e-05	-8.512355e-05	-7.984417e-05	-7.496794e-05	
-1.803191e-04	-1.602773e-06	-1.856689e-04	-4.680255e-05	 2.461331e-03	-2.536156e-04	-2.676230e-04	-2.869251e-04	-3.043214e-04	-3.162615e-04	-3.219298e-04	-3.218340e-04	-3.170996e-04	-3.089413e-04	-2.984593e-04	-2.865452e-04	-2.738772e-04	-2.609850e-04	-2.481589e-04	-2.356153e-04	-2.235325e-04	-2.120152e-04	-2.010846e-04	-1.907525e-04	-1.810150e-04	
 3.660412e-05	-9.792034e-07	 2.842734e-05	-5.289120e-05	-2.536156e-04	 5.715339e-05	 6.352759e-05	 6.810212e-05	 7.055266e-05	 7.103837e-05	 6.999764e-05	 6.787884e-05	 6.506673e-05	 6.186128e-05	 5.848540e-05	 5.508757e-05	 5.176628e-05	 4.858727e-05	 4.557873e-05	 4.275639e-05	 4.012449e-05	 3.768195e-05	 3.541863e-05	 3.332464e-05	 3.138846e-05	
 4.012258e-05	-2.888561e-06	 2.638773e-05	-9.526476e-05	-2.676230e-04	 6.352759e-05	 7.353220e-05	 8.087591e-05	 8.515028e-05	 8.662637e-05	 8.593037e-05	 8.369552e-05	 8.045894e-05	 7.664082e-05	 7.255416e-05	 6.839630e-05	 6.430438e-05	 6.037312e-05	 5.664258e-05	 5.313576e-05	 4.986113e-05	 4.681930e-05	 4.399872e-05	 4.138784e-05	 3.897290e-05	
 4.274123e-05	-4.378568e-06	 2.492382e-05	-1.268987e-04	-2.869251e-04	 6.810212e-05	 8.087591e-05	 9.041387e-05	 9.619686e-05	 9.855120e-05	 9.822900e-05	 9.599719e-05	 9.250782e-05	 8.827466e-05	 8.368250e-05	 7.896861e-05	 7.430243e-05	 6.980342e-05	 6.552234e-05	 6.148912e-05	 5.771688e-05	 5.420852e-05	 5.095195e-05	 4.793487e-05	 4.514218e-05	
 4.418561e-05	-5.402686e-06	 2.378268e-05	-1.473822e-04	-3.043214e-04	 7.055266e-05	 8.515028e-05	 9.619686e-05	 1.030670e-04	 1.061012e-04	 1.061208e-04	 1.039742e-04	 1.003874e-04	 9.593635e-05	 9.105504e-05	 8.600848e-05	 8.098927e-05	 7.613507e-05	 7.150481e-05	 6.713401e-05	 6.303996e-05	 5.922785e-05	 5.568572e-05	 5.240116e-05	 4.935854e-05	
 4.450108e-05	-6.009259e-06	 2.280068e-05	-1.583490e-04	-3.162615e-04	 7.103837e-05	 8.662637e-05	 9.855120e-05	 1.061012e-04	 1.096052e-04	 1.099085e-04	 1.078975e-04	 1.043353e-04	 9.983176e-05	 9.484874e-05	 8.966717e-05	 8.449364e-05	 7.947729e-05	 7.468247e-05	 7.014864e-05	 6.589637e-05	 6.193282e-05	 5.824658e-05	 5.482562e-05	 5.165440e-05	
 4.388693e-05	-6.302913e-06	 2.177709e-05	-1.621118e-04	-3.219298e-04	 6.999764e-05	 8.593037e-05	 9.822900e-05	 1.061208e-04	 1.099085e-04	 1.104306e-04	 1.085779e-04	 1.051233e-04	 1.006877e-04	 9.574364e-05	 9.057808e-05	 8.540402e-05	 8.037631e-05	 7.556225e-05	 7.100363e-05	 6.672335e-05	 6.273010e-05	 5.901327e-05	 5.556146e-05	 5.235962e-05	
 4.263216e-05	-6.353278e-06	 2.081617e-05	-1.608373e-04	-3.218340e-04	 6.787884e-05	 8.369552e-05	 9.599719e-05	 1.039742e-04	 1.078975e-04	 1.085779e-04	 1.068892e-04	 1.035932e-04	 9.930584e-05	 9.449749e-05	 8.945390e-05	 8.438849e-05	 7.945739e-05	 7.472883e-05	 7.024564e-05	 6.603219e-05	 6.209823e-05	 5.843406e-05	 5.502902e-05	 5.186884e-05	
 4.094529e-05	-6.243378e-06	 1.984871e-05	-1.562545e-04	-3.170996e-04	 6.506673e-05	 8.045894e-05	 9.250782e-05	 1.003874e-04	 1.043353e-04	 1.051233e-04	 1.035932e-04	 1.004832e-04	 9.639261e-05	 9.178110e-05	 8.692793e-05	 8.204281e-05	 7.727982e-05	 7.270671e-05	 6.836632e-05	 6.428375e-05	 6.046944e-05	 5.691458e-05	 5.360935e-05	 5.054032e-05	
 3.899864e-05	-6.037074e-06	 1.884915e-05	-1.497002e-04	-3.089413e-04	 6.186128e-05	 7.664082e-05	 8.827466e-05	 9.593635e-05	 9.983176e-05	 1.006877e-04	 9.930584e-05	 9.639261e-05	 9.252413e-05	 8.814357e-05	 8.352038e-05	 7.885780e-05	 7.430573e-05	 6.993038e-05	 6.577390e-05	 6.186155e-05	 5.820416e-05	 5.479376e-05	 5.162136e-05	 4.867443e-05	
 3.693690e-05	-5.775263e-06	 1.785778e-05	-1.421600e-04	-2.984593e-04	 5.848540e-05	 7.255416e-05	 8.368250e-05	 9.105504e-05	 9.484874e-05	 9.574364e-05	 9.449749e-05	 9.178110e-05	 8.814357e-05	 8.400852e-05	 7.963366e-05	 7.521412e-05	 7.089432e-05	 6.673826e-05	 6.278693e-05	 5.906538e-05	 5.558457e-05	 5.233735e-05	 4.931547e-05	 4.650733e-05	
 3.485348e-05	-5.479833e-06	 1.690449e-05	-1.341436e-04	-2.865452e-04	 5.508757e-05	 6.839630e-05	 7.896861e-05	 8.600848e-05	 8.966717e-05	 9.057808e-05	 8.945390e-05	 8.692793e-05	 8.352038e-05	 7.963366e-05	 7.551271e-05	 7.134360e-05	 6.726443e-05	 6.333661e-05	 5.959966e-05	 5.607810e-05	 5.278287e-05	 4.970753e-05	 4.684455e-05	 4.418320e-05	
 3.280904e-05	-5.171459e-06	 1.599231e-05	-1.260573e-04	-2.738772e-04	 5.176628e-05	 6.430438e-05	 7.430243e-05	 8.098927e-05	 8.449364e-05	 8.540402e-05	 8.438849e-05	 8.204281e-05	 7.885780e-05	 7.521412e-05	 7.134360e-05	 6.742284e-05	 6.358323e-05	 5.988335e-05	 5.636109e-05	 5.304024e-05	 4.993160e-05	 4.702935e-05	 4.432663e-05	 4.181352e-05	
 3.084316e-05	-4.867315e-06	 1.511354e-05	-1.182035e-04	-2.609850e-04	 4.858727e-05	 6.037312e-05	 6.980342e-05	 7.613507e-05	 7.947729e-05	 8.037631e-05	 7.945739e-05	 7.727982e-05	 7.430573e-05	 7.089432e-05	 6.726443e-05	 6.358323e-05	 5.997533e-05	 5.649644e-05	 5.318271e-05	 5.005713e-05	 4.713024e-05	 4.439678e-05	 4.185050e-05	 3.948223e-05	
 2.897684e-05	-4.572058e-06	 1.428174e-05	-1.107004e-04	-2.481589e-04	 4.557873e-05	 5.664258e-05	 6.552234e-05	 7.150481e-05	 7.468247e-05	 7.556225e-05	 7.472883e-05	 7.270671e-05	 6.993038e-05	 6.673826e-05	 6.333661e-05	 5.988335e-05	 5.649644e-05	 5.322872e-05	 5.011457e-05	 4.717610e-05	 4.442355e-05	 4.185217e-05	 3.945623e-05	 3.722726e-05	
 2.722222e-05	-4.288919e-06	 1.350420e-05	-1.036177e-04	-2.356153e-04	 4.275639e-05	 5.313576e-05	 6.148912e-05	 6.713401e-05	 7.014864e-05	 7.100363e-05	 7.024564e-05	 6.836632e-05	 6.577390e-05	 6.278693e-05	 5.959966e-05	 5.636109e-05	 5.318271e-05	 5.011457e-05	 4.718932e-05	 4.442814e-05	 4.184092e-05	 3.942336e-05	 3.717021e-05	 3.507364e-05	
 2.558199e-05	-4.021555e-06	 1.277540e-05	-9.699096e-05	-2.235325e-04	 4.012449e-05	 4.986113e-05	 5.771688e-05	 6.303996e-05	 6.589637e-05	 6.672335e-05	 6.603219e-05	 6.428375e-05	 6.186155e-05	 5.906538e-05	 5.607810e-05	 5.304024e-05	 5.005713e-05	 4.717610e-05	 4.442814e-05	 4.183349e-05	 3.940168e-05	 3.712879e-05	 3.501002e-05	 3.303811e-05	
 2.405607e-05	-3.771626e-06	 1.209288e-05	-9.083241e-05	-2.120152e-04	 3.768195e-05	 4.681930e-05	 5.420852e-05	 5.922785e-05	 6.193282e-05	 6.273010e-05	 6.209823e-05	 6.046944e-05	 5.820416e-05	 5.558457e-05	 5.278287e-05	 4.993160e-05	 4.713024e-05	 4.442355e-05	 4.184092e-05	 3.940168e-05	 3.711497e-05	 3.497725e-05	 3.298408e-05	 3.112873e-05	
 2.263927e-05	-3.538491e-06	 1.145604e-05	-8.512355e-05	-2.010846e-04	 3.541863e-05	 4.399872e-05	 5.095195e-05	 5.568572e-05	 5.824658e-05	 5.901327e-05	 5.843406e-05	 5.691458e-05	 5.479376e-05	 5.233735e-05	 4.970753e-05	 4.702935e-05	 4.439678e-05	 4.185217e-05	 3.942336e-05	 3.712879e-05	 3.497725e-05	 3.296548e-05	 3.108940e-05	 2.934277e-05	
 2.132636e-05	-3.321473e-06	 1.086397e-05	-7.984417e-05	-1.907525e-04	 3.332464e-05	 4.138784e-05	 4.793487e-05	 5.240116e-05	 5.482562e-05	 5.556146e-05	 5.502902e-05	 5.360935e-05	 5.162136e-05	 4.931547e-05	 4.684455e-05	 4.432663e-05	 4.185050e-05	 3.945623e-05	 3.717021e-05	 3.501002e-05	 3.298408e-05	 3.108940e-05	 2.932223e-05	 2.767673e-05	
 2.011060e-05	-3.119896e-06	 1.031363e-05	-7.496794e-05	-1.810150e-04	 3.138846e-05	 3.897290e-05	 4.514218e-05	 4.935854e-05	 5.165440e-05	 5.235962e-05	 5.186884e-05	 5.054032e-05	 4.867443e-05	 4.650733e-05	 4.418320e-05	 4.181352e-05	 3.948223e-05	 3.722726e-05	 3.507364e-05	 3.303811e-05	 3.112873e-05	 2.934277e-05	 2.767673e-05	 2.612520e-05	
